     1        0   0.000
     2    14680   0.010
     3    29359   0.020
     4    44038   0.030
     5    58717   0.040
     6    73396   0.050
     7    88075   0.060
     8   102754   0.070
     9   117433   0.080
    10   132112   0.090
    11   146791   0.100
    12   161470   0.110
    13   176149   0.120
    14   190828   0.130
    15   205507   0.140
    16   220186   0.150
    17   234865   0.160
    18   249544   0.170
    19   264223   0.180
    20   278902   0.190
    21   293581   0.200
    22   308260   0.210
    23   322939   0.220
    24   337618   0.230
    25   352297   0.240
    26   366976   0.250
    27   381655   0.260
    28   396334   0.270
    29   411013   0.280
    30   425692   0.290
    31   440371   0.300
    32   455050   0.310
    33   469729   0.320
    34   484408   0.330
    35   499087   0.340
    36   513766   0.350
    37   528445   0.360
    38   543124   0.370
    39   557803   0.380
    40   572482   0.390
    41   587161   0.400
    42   601840   0.410
    43   616519   0.420
    44   631198   0.430
    45   645877   0.440
    46   660556   0.450
    47   675235   0.460
    48   689914   0.470
    49   704593   0.480
    50   719272   0.490
    51   733951   0.500
    52   748630   0.510
    53   763309   0.520
    54   777988   0.530
    55   792667   0.540
    56   807346   0.550
    57   822025   0.560
    58   836704   0.570
    59   851383   0.580
    60   866062   0.590
    61   880741   0.600
    62   895420   0.610
    63   910099   0.620
    64   924778   0.630
    65   939457   0.640
    66   954136   0.650
    67   968815   0.660
    68   983494   0.670
    69   998173   0.680
    70  1012852   0.690
    71  1027531   0.700
    72  1042210   0.710
    73  1056889   0.720
    74  1071568   0.730
    75  1086247   0.740
    76  1100926   0.750
    77  1115605   0.760
    78  1130284   0.770
    79  1144963   0.780
    80  1159642   0.790
    81  1174321   0.800
    82  1189000   0.810
    83  1203679   0.820
    84  1218358   0.830
    85  1233037   0.840
    86  1247716   0.850
    87  1262395   0.860
    88  1277074   0.870
    89  1291753   0.880
    90  1306432   0.890
    91  1321111   0.900
    92  1335790   0.910
    93  1350469   0.920
    94  1365148   0.930
    95  1379827   0.940
    96  1394506   0.950
    97  1409185   0.960
    98  1423864   0.970
    99  1438543   0.980
   100  1453222   0.990
   101  1467901   1.000
   102  1482580   1.010
   103  1497259   1.020
   104  1511938   1.030
   105  1526617   1.040
   106  1541296   1.050
   107  1555975   1.060
   108  1570654   1.070
   109  1585333   1.080
   110  1600012   1.090
   111  1614691   1.100
   112  1629370   1.110
   113  1644049   1.120
   114  1658728   1.130
   115  1673407   1.140
   116  1688086   1.150
   117  1702765   1.160
   118  1717444   1.170
   119  1732123   1.180
   120  1746802   1.190
   121  1761481   1.200
   122  1776160   1.210
   123  1790839   1.220
   124  1805518   1.230
   125  1820197   1.240
   126  1834876   1.250
   127  1849555   1.260
   128  1864234   1.270
   129  1878913   1.280
   130  1893592   1.290
   131  1908271   1.300
   132  1922950   1.310
