     1        0   129600   0.000
     2    14680   129605   0.010
     3    29359   129966   0.020
     4    44038   130564   0.030
     5    58717   130565   0.040
     6    73396   130565   0.050
     7    88075   131167   0.060
     8   102754   133238   0.070
     9   117433   133837   0.080
    10   132112   134437   0.090
    11   146791   135998   0.100
    12   161470   135999   0.110
    13   176149   136607   0.120
    14   190828   137210   0.130
    15   205507   137216   0.140
    16   220186   137819   0.150
    17   234865   140449   0.160
    18   249544   141049   0.170
    19   264223   141049   0.180
    20   278902   143365   0.190
    21   293581   143965   0.200
    22   308260   143965   0.210
    23   322939   144577   0.220
    24   337618   146974   0.230
    25   352297   146984   0.240
    26   366976   147584   0.250
    27   381655   148184   0.260
    28   396334   150424   0.270
    29   411013   150424   0.280
    30   425692   151024   0.290
    31   440371   151624   0.300
    32   455050   153424   0.310
    33   469729   154032   0.320
    34   484408   154640   0.330
    35   499087   154643   0.340
    36   513766   154643   0.350
    37   528445   158158   0.360
    38   543124   158158   0.370
    39   557803   158757   0.380
    40   572482   159358   0.390
    41   587161   159358   0.400
    42   601840   159961   0.410
    43   616519   162983   0.420
    44   631198   163594   0.430
    45   645877   163600   0.440
    46   660556   164198   0.450
    47   675235   164198   0.460
    48   689914   167647   0.470
    49   704593   168247   0.480
    50   719272   168247   0.490
    51   733951   168847   0.500
    52   748630   168849   0.510
    53   763309   171741   0.520
    54   777988   172352   0.530
    55   792667   172358   0.540
    56   807346   172960   0.550
    57   822025   172960   0.560
    58   836704   176762   0.570
    59   851383   176762   0.580
    60   866062   177363   0.590
    61   880741   177965   0.600
    62   895420   177970   0.610
    63   910099   177982   0.620
    64   924778   181911   0.630
    65   939457   182520   0.640
    66   954136   182520   0.650
    67   968815   183122   0.660
    68   983494   185960   0.670
    69   998173   186560   0.680
    70  1012852   186560   0.690
    71  1027531   187160   0.700
    72  1042210   189407   0.710
    73  1056889   190012   0.720
    74  1071568   190020   0.730
    75  1086247   190621   0.740
    76  1100926   190621   0.750
    77  1115605   193972   0.760
    78  1130284   194572   0.770
    79  1144963   194572   0.780
    80  1159642   195173   0.790
    81  1174321   197679   0.800
    82  1189000   198279   0.810
    83  1203679   198886   0.820
    84  1218358   198895   0.830
    85  1233037   201701   0.840
    86  1247716   202302   0.850
    87  1262395   202904   0.860
    88  1277074   202904   0.870
    89  1291753   205726   0.880
    90  1306432   206326   0.890
    91  1321111   206326   0.900
    92  1335790   206926   0.910
    93  1350469   206932   0.920
    94  1365148   210411   0.930
    95  1379827   211009   0.940
    96  1394506   211010   0.950
    97  1409185   211609   0.960
    98  1423864   214341   0.970
    99  1438543   214942   0.980
   100  1453222   214942   0.990
   101  1467901   215544   1.000
   102  1482580   215550   1.010
   103  1497259   216159   1.020
   104  1511938   219700   1.030
   105  1526617   220305   1.040
   106  1541296   220305   1.050
   107  1555975   220904   1.060
   108  1570654   220904   1.070
   109  1585333   224676   1.080
   110  1600012   225275   1.090
   111  1614691   225875   1.100
   112  1629370   225876   1.110
   113  1644049   228530   1.120
   114  1658728   229134   1.130
   115  1673407   229739   1.140
   116  1688086   229739   1.150
   117  1702765   229739   1.160
   118  1717444   233349   1.170
   119  1732123   233949   1.180
   120  1746802   234549   1.190
   121  1761481   234549   1.200
   122  1776160   234551   1.210
   123  1790839   238594   1.220
   124  1805518   239202   1.230
   125  1820197   239204   1.240
   126  1834876   239806   1.250
   127  1849555   239806   1.260
   128  1864234   240405   1.270
   129  1878913   244330   1.280
   130  1893592   244930   1.290
   131  1908271   244930   1.300
   132  1922950   245533   1.310
