     1    12240     1469   0.001
     2    12240     2937   0.002
     3    12240     4405   0.003
     4    12240     5873   0.004
     5    12240     7341   0.005
     6    12240     8809   0.006
     7    12240    10277   0.007
     8    12240    11745   0.008
     9    12240    13213   0.009
    10    12240    14681   0.010
    11    12240    16149   0.011
    12    12240    17617   0.012
    13    12240    19085   0.013
    14    12240    20553   0.014
    15    12240    22021   0.015
    16    12240    23489   0.016
    17    12240    24957   0.017
    18    12240    26425   0.018
    19    12240    27893   0.019
    20    12240    29361   0.020
    21    12240    30829   0.021
    22    12240    32297   0.022
    23    12240    33765   0.023
    24    12240    35233   0.024
    25    12240    36701   0.025
    26    12240    38169   0.026
    27    12240    39637   0.027
    28    12240    41105   0.028
    29    12240    42573   0.029
    30    12240    44041   0.030
    31    12240    45509   0.031
    32    12240    46977   0.032
    33    12240    48445   0.033
    34    12240    49913   0.034
    35    12240    51381   0.035
    36    12240    52849   0.036
    37    12240    54317   0.037
    38    12240    55785   0.038
    39    12240    57253   0.039
    40    12240    58721   0.040
    41    12240    60189   0.041
    42    12240    61657   0.042
    43    12240    63125   0.043
    44    12240    64593   0.044
    45    12240    66061   0.045
    46    12240    67529   0.046
    47    12240    68997   0.047
    48    12240    70465   0.048
    49    12240    71933   0.049
    50    12240    73401   0.050
    51    12240    74869   0.051
    52    12240    76337   0.052
    53    12240    77805   0.053
    54    12240    79273   0.054
    55    12240    80741   0.055
    56    12240    82209   0.056
    57    12240    83677   0.057
    58    12240    85145   0.058
    59    12240    86613   0.059
    60    12240    88081   0.060
    61    12240    89549   0.061
    62    12240    91017   0.062
    63    12240    92485   0.063
    64    12240    93953   0.064
    65    12240    95421   0.065
    66    12240    96889   0.066
    67    12240    98357   0.067
    68    12240    99825   0.068
    69    12240   101293   0.069
    70    12240   102761   0.070
    71    12240   104229   0.071
    72    12240   105697   0.072
    73    12240   107165   0.073
    74    12240   108633   0.074
    75    12240   110101   0.075
    76    12240   111569   0.076
    77    12240   113037   0.077
    78    12240   114505   0.078
    79    12240   115973   0.079
    80    12240   117441   0.080
    81    12240   118909   0.081
    82    12240   120377   0.082
    83    12240   121845   0.083
    84    12240   123313   0.084
    85    12240   124781   0.085
    86    12240   126249   0.086
    87    12240   127717   0.087
    88    12240   129185   0.088
    89    12240   130653   0.089
    90    12240   132121   0.090
    91    12240   133589   0.091
    92    12240   135057   0.092
    93    12240   136525   0.093
    94    12240   137993   0.094
    95    12240   139461   0.095
    96    12240   140929   0.096
    97    12240   142397   0.097
    98    12240   143865   0.098
    99    12240   145333   0.099
   100    12240   146801   0.100
   101    12240   148269   0.101
   102    12240   149737   0.102
   103    12240   151205   0.103
   104    12240   152673   0.104
   105    12240   154141   0.105
   106    12240   155609   0.106
   107    12240   157077   0.107
   108    12240   158545   0.108
   109    12240   160013   0.109
   110    12240   161481   0.110
   111    12240   162949   0.111
   112    12240   164417   0.112
   113    12240   165885   0.113
   114    12240   167353   0.114
   115    12240   168821   0.115
   116    12240   170289   0.116
   117    12240   171757   0.117
   118    12240   173225   0.118
   119    12240   174693   0.119
   120    12240   176161   0.120
   121    12240   177629   0.121
   122    12240   179097   0.122
   123    12240   180565   0.123
   124    12240   182033   0.124
   125    12240   183501   0.125
   126    12240   184969   0.126
   127    12240   186437   0.127
   128    12240   187905   0.128
   129    12240   189373   0.129
   130    12240   190841   0.130
   131    12240   192309   0.131
   132    12240   193777   0.132
   133    12240   195245   0.133
   134    12240   196713   0.134
   135    12240   198181   0.135
   136    12240   199649   0.136
   137    12240   201117   0.137
   138    12240   202585   0.138
   139    12240   204053   0.139
   140    12240   205521   0.140
   141    12240   206989   0.141
   142    12240   208457   0.142
   143    12240   209925   0.143
   144    12240   211393   0.144
   145    12240   212861   0.145
   146    12240   214329   0.146
   147    12240   215797   0.147
   148    12240   217265   0.148
   149    12240   218733   0.149
   150    12240   220201   0.150
   151    12240   221669   0.151
   152    12240   223137   0.152
   153    12240   224605   0.153
   154    12240   226073   0.154
   155    12240   227541   0.155
   156    12240   229009   0.156
   157    12240   230477   0.157
   158    12240   231945   0.158
   159    12240   233413   0.159
   160    12240   234881   0.160
   161    12240   236349   0.161
   162    12240   237817   0.162
   163    12240   239285   0.163
   164    12240   240753   0.164
   165    12240   242221   0.165
   166    12240   243689   0.166
   167    12240   245157   0.167
   168    12240   246625   0.168
   169    12240   248093   0.169
   170    12240   249561   0.170
   171    12240   251029   0.171
   172    12240   252497   0.172
   173    12240   253965   0.173
   174    12240   255433   0.174
   175    12240   256901   0.175
   176    12240   258369   0.176
   177    12240   259837   0.177
   178    12240   261305   0.178
   179    12240   262773   0.179
   180    12240   264241   0.180
   181    12240   265709   0.181
   182    12240   267177   0.182
   183    12240   268645   0.183
   184    12240   270113   0.184
   185    12240   271581   0.185
   186    12240   273049   0.186
   187    12240   274517   0.187
   188    12240   275985   0.188
   189    12240   277453   0.189
   190    12240   278921   0.190
   191    12240   280389   0.191
   192    12240   281857   0.192
   193    12240   283325   0.193
   194    12240   284793   0.194
   195    12240   286261   0.195
   196    12240   287729   0.196
   197    12240   289197   0.197
   198    12240   290665   0.198
   199    12240   292133   0.199
   200    12240   293601   0.200
   201    12240   295069   0.201
   202    12240   296537   0.202
   203    12240   298005   0.203
   204    12240   299473   0.204
   205    12240   300941   0.205
   206    12240   302409   0.206
   207    12240   303877   0.207
   208    12240   305345   0.208
   209    12240   306813   0.209
   210    12240   308281   0.210
   211    12240   309749   0.211
   212    12240   311217   0.212
   213    12240   312685   0.213
   214    12240   314153   0.214
   215    12240   315621   0.215
   216    12240   317089   0.216
   217    12240   318557   0.217
   218    12240   320025   0.218
   219    12240   321493   0.219
   220    12240   322961   0.220
   221    12240   324429   0.221
   222    12240   325897   0.222
   223    12240   327365   0.223
   224    12240   328833   0.224
   225    12240   330301   0.225
   226    12240   331769   0.226
   227    12240   333237   0.227
   228    12240   334705   0.228
   229    12240   336173   0.229
   230    12240   337641   0.230
   231    12240   339109   0.231
   232    12240   340577   0.232
   233    12240   342045   0.233
   234    12240   343513   0.234
   235    12240   344981   0.235
   236    12240   346449   0.236
   237    12240   347917   0.237
   238    12240   349385   0.238
   239    12240   350853   0.239
   240    12240   352321   0.240
   241    12240   353789   0.241
   242    12240   355257   0.242
   243    12240   356725   0.243
   244    12240   358193   0.244
   245    12240   359661   0.245
   246    12240   361129   0.246
   247    12240   362597   0.247
   248    12240   364065   0.248
   249    12240   365533   0.249
   250    12240   367001   0.250
   251    12240   368469   0.251
   252    12240   369937   0.252
   253    12240   371405   0.253
   254    12240   372873   0.254
   255    12240   374341   0.255
   256    12240   375809   0.256
   257    12240   377277   0.257
   258    12240   378745   0.258
   259    12240   380213   0.259
   260    12240   381681   0.260
   261    12240   383149   0.261
   262    12240   384617   0.262
   263    12240   386085   0.263
   264    12240   387553   0.264
   265    12240   389021   0.265
   266    12240   390489   0.266
   267    12240   391957   0.267
   268    12240   393425   0.268
   269    12240   394893   0.269
   270    12240   396361   0.270
   271    12240   397829   0.271
   272    12240   399297   0.272
   273    12240   400765   0.273
   274    12240   402233   0.274
   275    12240   403701   0.275
   276    12240   405169   0.276
   277    12240   406637   0.277
   278    12240   408105   0.278
   279    12240   409573   0.279
   280    12240   411041   0.280
   281    12240   412509   0.281
   282    12240   413977   0.282
   283    12240   415445   0.283
   284    12240   416913   0.284
   285    12240   418381   0.285
   286    12240   419849   0.286
   287    12240   421317   0.287
   288    12240   422785   0.288
   289    12240   424253   0.289
   290    12240   425721   0.290
   291    12240   427189   0.291
   292    12240   428657   0.292
   293    12240   430125   0.293
   294    12240   431593   0.294
   295    12240   433061   0.295
   296    12240   434529   0.296
   297    12240   435997   0.297
   298    12240   437465   0.298
   299    12240   438933   0.299
   300    12240   440401   0.300
   301    12240   441869   0.301
   302    12240   443337   0.302
   303    12240   444805   0.303
   304    12240   446273   0.304
   305    12240   447741   0.305
   306    12240   449209   0.306
   307    12240   450677   0.307
   308    12240   452145   0.308
   309    12240   453613   0.309
   310    12240   455081   0.310
   311    12240   456549   0.311
   312    12240   458017   0.312
   313    12240   459485   0.313
   314    12240   460953   0.314
   315    12240   462421   0.315
   316    12240   463889   0.316
   317    12240   465357   0.317
   318    12240   466825   0.318
   319    12240   468293   0.319
   320    12240   469761   0.320
   321    12240   471229   0.321
   322    12240   472697   0.322
   323    12240   474165   0.323
   324    12240   475633   0.324
   325    12240   477101   0.325
   326    12240   478569   0.326
   327    12240   480037   0.327
   328    12240   481505   0.328
   329    12240   482973   0.329
   330    12240   484441   0.330
   331    12240   485909   0.331
   332    12240   487377   0.332
   333    12240   488845   0.333
   334    12240   490313   0.334
   335    12240   491781   0.335
   336    12240   493249   0.336
   337    12240   494717   0.337
   338    12240   496185   0.338
   339    12240   497653   0.339
   340    12240   499121   0.340
   341    12240   500589   0.341
   342    12240   502057   0.342
   343    12240   503525   0.343
   344    12240   504993   0.344
   345    12240   506461   0.345
   346    12240   507929   0.346
   347    12240   509397   0.347
   348    12240   510865   0.348
   349    12240   512333   0.349
   350    12240   513801   0.350
   351    12240   515269   0.351
   352    12240   516737   0.352
   353    12240   518205   0.353
   354    12240   519673   0.354
   355    12240   521141   0.355
   356    12240   522609   0.356
   357    12240   524077   0.357
   358    12240   525545   0.358
   359    12240   527013   0.359
   360    12240   528481   0.360
   361    12240   529949   0.361
   362    12240   531417   0.362
   363    12240   532885   0.363
   364    12240   534353   0.364
   365    12240   535821   0.365
   366    12240   537289   0.366
   367    12240   538757   0.367
   368    12240   540225   0.368
   369    12240   541693   0.369
   370    12240   543161   0.370
   371    12240   544629   0.371
   372    12240   546097   0.372
   373    12240   547565   0.373
   374    12240   549033   0.374
   375    12240   550501   0.375
   376    12240   551969   0.376
   377    12240   553437   0.377
   378    12240   554905   0.378
   379    12240   556373   0.379
   380    12240   557841   0.380
   381    12240   559309   0.381
   382    12240   560777   0.382
   383    12240   562245   0.383
   384    12240   563713   0.384
   385    12240   565181   0.385
   386    12240   566649   0.386
   387    12240   568117   0.387
   388    12240   569585   0.388
   389    12240   571053   0.389
   390    12240   572521   0.390
   391    12240   573989   0.391
   392    12240   575457   0.392
   393    12240   576925   0.393
   394    12240   578393   0.394
   395    12240   579861   0.395
   396    12240   581329   0.396
   397    12240   582797   0.397
   398    12240   584265   0.398
   399    12240   585733   0.399
   400    12240   587201   0.400
   401    12240   588669   0.401
   402    12240   590137   0.402
   403    12240   591605   0.403
   404    12240   593073   0.404
   405    12240   594541   0.405
   406    12240   596009   0.406
   407    12240   597477   0.407
   408    12240   598945   0.408
   409    12240   600413   0.409
   410    12240   601881   0.410
   411    12240   603349   0.411
   412    12240   604817   0.412
   413    12240   606285   0.413
   414    12240   607753   0.414
   415    12240   609221   0.415
   416    12240   610689   0.416
   417    12240   612157   0.417
   418    12240   613625   0.418
   419    12240   615093   0.419
   420    12240   616561   0.420
   421    12240   618029   0.421
   422    12240   619497   0.422
   423    12240   620965   0.423
   424    12240   622433   0.424
   425    12240   623901   0.425
   426    12240   625369   0.426
   427    12240   626837   0.427
   428    12240   628305   0.428
   429    12240   629773   0.429
   430    12240   631241   0.430
   431    12240   632709   0.431
   432    12240   634177   0.432
   433    12240   635645   0.433
   434    12240   637113   0.434
   435    12240   638581   0.435
   436    12240   640049   0.436
   437    12240   641517   0.437
   438    12240   642985   0.438
   439    12240   644453   0.439
   440    12240   645921   0.440
   441    12240   647389   0.441
   442    12240   648857   0.442
   443    12240   650325   0.443
   444    12240   651793   0.444
   445    12240   653261   0.445
   446    12240   654729   0.446
   447    12240   656197   0.447
   448    12240   657665   0.448
   449    12240   659133   0.449
   450    12240   660601   0.450
   451    12240   662069   0.451
   452    12240   663537   0.452
   453    12240   665005   0.453
   454    12240   666473   0.454
   455    12240   667941   0.455
   456    12240   669409   0.456
   457    12240   670877   0.457
   458    12240   672345   0.458
   459    12240   673813   0.459
   460    12240   675281   0.460
   461    12240   676749   0.461
   462    12240   678217   0.462
   463    12240   679685   0.463
   464    12240   681153   0.464
   465    12240   682621   0.465
   466    12240   684089   0.466
   467    12240   685557   0.467
   468    12240   687025   0.468
   469    12240   688493   0.469
   470    12240   689961   0.470
   471    12240   691429   0.471
   472    12240   692897   0.472
   473    12240   694365   0.473
   474    12240   695833   0.474
   475    12240   697301   0.475
   476    12240   698769   0.476
   477    12240   700237   0.477
   478    12240   701705   0.478
   479    12240   703173   0.479
   480    12240   704641   0.480
   481    12240   706109   0.481
   482    12240   707577   0.482
   483    12240   709045   0.483
   484    12240   710513   0.484
   485    12240   711981   0.485
   486    12240   713449   0.486
   487    12240   714917   0.487
   488    12240   716385   0.488
   489    12240   717853   0.489
   490    12240   719321   0.490
   491    12240   720789   0.491
   492    12240   722257   0.492
   493    12240   723725   0.493
   494    12240   725193   0.494
   495    12240   726661   0.495
   496    12240   728129   0.496
   497    12240   729597   0.497
   498    12240   731065   0.498
   499    12240   732533   0.499
   500    12240   734001   0.500
   501    12240   735469   0.501
   502    12240   736937   0.502
   503    12240   738405   0.503
   504    12240   739873   0.504
   505    12240   741341   0.505
   506    12240   742809   0.506
   507    12240   744277   0.507
   508    12240   745745   0.508
   509    12240   747213   0.509
   510    12240   748681   0.510
   511    12240   750149   0.511
   512    12240   751617   0.512
   513    12240   753085   0.513
   514    12240   754553   0.514
   515    12240   756021   0.515
   516    12240   757489   0.516
   517    12240   758957   0.517
   518    12240   760425   0.518
   519    12240   761893   0.519
   520    12240   763361   0.520
   521    12240   764829   0.521
   522    12240   766297   0.522
   523    12240   767765   0.523
   524    12240   769233   0.524
   525    12240   770701   0.525
   526    12240   772169   0.526
   527    12240   773637   0.527
   528    12240   775105   0.528
   529    12240   776573   0.529
   530    12240   778041   0.530
   531    12240   779509   0.531
   532    12240   780977   0.532
   533    12240   782445   0.533
   534    12240   783913   0.534
   535    12240   785381   0.535
   536    12240   786849   0.536
   537    12240   788317   0.537
   538    12240   789785   0.538
   539    12240   791253   0.539
   540    12240   792721   0.540
   541    12240   794189   0.541
   542    12240   795657   0.542
   543    12240   797125   0.543
   544    12240   798593   0.544
   545    12240   800061   0.545
   546    12240   801529   0.546
   547    12240   802997   0.547
   548    12240   804465   0.548
   549    12240   805933   0.549
   550    12240   807401   0.550
   551    12240   808869   0.551
   552    12240   810337   0.552
   553    12240   811805   0.553
   554    12240   813273   0.554
   555    12240   814741   0.555
   556    12240   816209   0.556
   557    12240   817677   0.557
   558    12240   819145   0.558
   559    12240   820613   0.559
   560    12240   822081   0.560
   561    12240   823549   0.561
   562    12240   825017   0.562
   563    12240   826485   0.563
   564    12240   827953   0.564
   565    12240   829421   0.565
   566    12240   830889   0.566
   567    12240   832357   0.567
   568    12240   833825   0.568
   569    12240   835293   0.569
   570    12240   836761   0.570
   571    12240   838229   0.571
   572    12240   839697   0.572
   573    12240   841165   0.573
   574    12240   842633   0.574
   575    12240   844101   0.575
   576    12240   845569   0.576
   577    12240   847037   0.577
   578    12240   848505   0.578
   579    12240   849973   0.579
   580    12240   851441   0.580
   581    12240   852909   0.581
   582    12240   854377   0.582
   583    12240   855845   0.583
   584    12240   857313   0.584
   585    12240   858781   0.585
   586    12240   860249   0.586
   587    12240   861717   0.587
   588    12240   863185   0.588
   589    12240   864653   0.589
   590    12240   866121   0.590
   591    12240   867589   0.591
   592    12240   869057   0.592
   593    12240   870525   0.593
   594    12240   871993   0.594
   595    12240   873461   0.595
   596    12240   874929   0.596
   597    12240   876397   0.597
   598    12240   877865   0.598
   599    12240   879333   0.599
   600    12240   880801   0.600
   601    12240   882269   0.601
   602    12240   883737   0.602
   603    12240   885205   0.603
   604    12240   886673   0.604
   605    12240   888141   0.605
   606    12240   889609   0.606
   607    12240   891077   0.607
   608    12240   892545   0.608
   609    12240   894013   0.609
   610    12240   895481   0.610
   611    12240   896949   0.611
   612    12240   898417   0.612
   613    12240   899885   0.613
   614    12240   901353   0.614
   615    12240   902821   0.615
   616    12240   904289   0.616
   617    12240   905757   0.617
   618    12240   907225   0.618
   619    12240   908693   0.619
   620    12240   910161   0.620
   621    12240   911629   0.621
   622    12240   913097   0.622
   623    12240   914565   0.623
   624    12240   916033   0.624
   625    12240   917501   0.625
   626    12240   918969   0.626
   627    12240   920437   0.627
   628    12240   921905   0.628
   629    12240   923373   0.629
   630    12240   924841   0.630
   631    12240   926309   0.631
   632    12240   927777   0.632
   633    12240   929245   0.633
   634    12240   930713   0.634
   635    12240   932181   0.635
   636    12240   933649   0.636
   637    12240   935117   0.637
   638    12240   936585   0.638
   639    12240   938053   0.639
   640    12240   939521   0.640
   641    12240   940989   0.641
   642    12240   942457   0.642
   643    12240   943925   0.643
   644    12240   945393   0.644
   645    12240   946861   0.645
   646    12240   948329   0.646
   647    12240   949797   0.647
   648    12240   951265   0.648
   649    12240   952733   0.649
   650    12240   954201   0.650
   651    12240   955669   0.651
   652    12240   957137   0.652
   653    12240   958605   0.653
   654    12240   960073   0.654
   655    12240   961541   0.655
   656    12240   963009   0.656
   657    12240   964477   0.657
   658    12240   965945   0.658
   659    12240   967413   0.659
   660    12240   968881   0.660
   661    12240   970349   0.661
   662    12240   971817   0.662
   663    12240   973285   0.663
   664    12240   974753   0.664
   665    12240   976221   0.665
   666    12240   977689   0.666
   667    12240   979157   0.667
   668    12240   980625   0.668
   669    12240   982093   0.669
   670    12240   983561   0.670
   671    12240   985029   0.671
   672    12240   986497   0.672
   673    12240   987965   0.673
   674    12240   989433   0.674
   675    12240   990901   0.675
   676    12240   992369   0.676
   677    12240   993837   0.677
   678    12240   995305   0.678
   679    12240   996773   0.679
   680    12240   998241   0.680
   681    12240   999709   0.681
   682    12240  1001177   0.682
   683    12240  1002645   0.683
   684    12240  1004113   0.684
   685    12240  1005581   0.685
   686    12240  1007049   0.686
   687    12240  1008517   0.687
   688    12240  1009985   0.688
   689    12240  1011453   0.689
   690    12240  1012921   0.690
   691    12240  1014389   0.691
   692    12240  1015857   0.692
   693    12240  1017325   0.693
   694    12240  1018793   0.694
   695    12240  1020261   0.695
   696    12240  1021729   0.696
   697    12240  1023197   0.697
   698    12240  1024665   0.698
   699    12240  1026133   0.699
   700    12240  1027601   0.700
   701    12240  1029069   0.701
   702    12240  1030537   0.702
   703    12240  1032005   0.703
   704    12240  1033473   0.704
   705    12240  1034941   0.705
   706    12240  1036409   0.706
   707    12240  1037877   0.707
   708    12240  1039345   0.708
   709    12240  1040813   0.709
   710    12240  1042281   0.710
   711    12240  1043749   0.711
   712    12240  1045217   0.712
   713    12240  1046685   0.713
   714    12240  1048153   0.714
   715    12240  1049621   0.715
   716    12240  1051089   0.716
   717    12240  1052557   0.717
   718    12240  1054025   0.718
   719    12240  1055493   0.719
   720    12240  1056961   0.720
   721    12240  1058429   0.721
   722    12240  1059897   0.722
   723    12240  1061365   0.723
   724    12240  1062833   0.724
   725    12240  1064301   0.725
   726    12240  1065769   0.726
   727    12240  1067237   0.727
   728    12240  1068705   0.728
   729    12240  1070173   0.729
   730    12240  1071641   0.730
   731    12240  1073109   0.731
   732    12240  1074577   0.732
   733    12240  1076045   0.733
   734    12240  1077513   0.734
   735    12240  1078981   0.735
   736    12240  1080449   0.736
   737    12240  1081917   0.737
   738    12240  1083385   0.738
   739    12240  1084853   0.739
   740    12240  1086321   0.740
   741    12240  1087789   0.741
   742    12240  1089257   0.742
   743    12240  1090725   0.743
   744    12240  1092193   0.744
   745    12240  1093661   0.745
   746    12240  1095129   0.746
   747    12240  1096597   0.747
   748    12240  1098065   0.748
   749    12240  1099533   0.749
   750    12240  1101001   0.750
   751    12240  1102469   0.751
   752    12240  1103937   0.752
   753    12240  1105405   0.753
   754    12240  1106873   0.754
   755    12240  1108341   0.755
   756    12240  1109809   0.756
   757    12240  1111277   0.757
   758    12240  1112745   0.758
   759    12240  1114213   0.759
   760    12240  1115681   0.760
   761    12240  1117149   0.761
   762    12240  1118617   0.762
   763    12240  1120085   0.763
   764    12240  1121553   0.764
   765    12240  1123021   0.765
   766    12240  1124489   0.766
   767    12240  1125957   0.767
   768    12240  1127425   0.768
   769    12240  1128893   0.769
   770    12240  1130361   0.770
   771    12240  1131829   0.771
   772    12240  1133297   0.772
   773    12240  1134765   0.773
   774    12240  1136233   0.774
   775    12240  1137701   0.775
   776    12240  1139169   0.776
   777    12240  1140637   0.777
   778    12240  1142105   0.778
   779    12240  1143573   0.779
   780    12240  1145041   0.780
   781    12240  1146509   0.781
   782    12240  1147977   0.782
   783    12240  1149445   0.783
   784    12240  1150913   0.784
   785    12240  1152381   0.785
   786    12240  1153849   0.786
   787    12240  1155317   0.787
   788    12240  1156785   0.788
   789    12240  1158253   0.789
   790    12240  1159721   0.790
   791    12240  1161189   0.791
   792    12240  1162657   0.792
   793    12240  1164125   0.793
   794    12240  1165593   0.794
   795    12240  1167061   0.795
   796    12240  1168529   0.796
   797    12240  1169997   0.797
   798    12240  1171465   0.798
   799    12240  1172933   0.799
   800    12240  1174401   0.800
   801    12240  1175869   0.801
   802    12240  1177337   0.802
   803    12240  1178805   0.803
   804    12240  1180273   0.804
   805    12240  1181741   0.805
   806    12240  1183209   0.806
   807    12240  1184677   0.807
   808    12240  1186145   0.808
   809    12240  1187613   0.809
   810    12240  1189081   0.810
   811    12240  1190549   0.811
   812    12240  1192017   0.812
   813    12240  1193485   0.813
   814    12240  1194953   0.814
   815    12240  1196421   0.815
   816    12240  1197889   0.816
   817    12240  1199357   0.817
   818    12240  1200825   0.818
   819    12240  1202293   0.819
   820    12240  1203761   0.820
   821    12240  1205229   0.821
   822    12240  1206697   0.822
   823    12240  1208165   0.823
   824    12240  1209633   0.824
   825    12240  1211101   0.825
   826    12240  1212569   0.826
   827    12240  1214037   0.827
   828    12240  1215505   0.828
   829    12240  1216973   0.829
   830    12240  1218441   0.830
   831    12240  1219909   0.831
   832    12240  1221377   0.832
   833    12240  1222845   0.833
   834    12240  1224313   0.834
   835    12240  1225781   0.835
   836    12240  1227249   0.836
   837    12240  1228717   0.837
   838    12240  1230185   0.838
   839    12240  1231653   0.839
   840    12240  1233121   0.840
   841    12240  1234589   0.841
   842    12240  1236057   0.842
   843    12240  1237525   0.843
   844    12240  1238993   0.844
   845    12240  1240461   0.845
   846    12240  1241929   0.846
   847    12240  1243397   0.847
   848    12240  1244865   0.848
   849    12240  1246333   0.849
   850    12240  1247801   0.850
   851    12240  1249269   0.851
   852    12240  1250737   0.852
   853    12240  1252205   0.853
   854    12240  1253673   0.854
   855    12240  1255141   0.855
   856    12240  1256609   0.856
   857    12240  1258077   0.857
   858    12240  1259545   0.858
   859    12240  1261013   0.859
   860    12240  1262481   0.860
   861    12240  1263949   0.861
   862    12240  1265417   0.862
   863    12240  1266885   0.863
   864    12240  1268353   0.864
   865    12240  1269821   0.865
   866    12240  1271289   0.866
   867    12240  1272757   0.867
   868    12240  1274225   0.868
   869    12240  1275693   0.869
   870    12240  1277161   0.870
   871    12240  1278629   0.871
   872    12240  1280097   0.872
   873    12240  1281565   0.873
   874    12240  1283033   0.874
   875    12240  1284501   0.875
   876    12240  1285969   0.876
   877    12240  1287437   0.877
   878    12240  1288905   0.878
   879    12240  1290373   0.879
   880    12240  1291841   0.880
   881    12240  1293309   0.881
   882    12240  1294777   0.882
   883    12240  1296245   0.883
   884    12240  1297713   0.884
   885    12240  1299181   0.885
   886    12240  1300649   0.886
   887    12240  1302117   0.887
   888    12240  1303585   0.888
   889    12240  1305053   0.889
   890    12240  1306521   0.890
   891    12240  1307989   0.891
   892    12240  1309457   0.892
   893    12240  1310925   0.893
   894    12240  1312393   0.894
   895    12240  1313861   0.895
   896    12240  1315329   0.896
   897    12240  1316797   0.897
   898    12240  1318265   0.898
   899    12240  1319733   0.899
   900    12240  1321201   0.900
   901    12240  1322669   0.901
   902    12240  1324137   0.902
   903    12240  1325605   0.903
   904    12240  1327073   0.904
   905    12240  1328541   0.905
   906    12240  1330009   0.906
   907    12240  1331477   0.907
   908    12240  1332945   0.908
   909    12240  1334413   0.909
   910    12240  1335881   0.910
   911    12240  1337349   0.911
   912    12240  1338817   0.912
   913    12240  1340285   0.913
   914    12240  1341753   0.914
   915    12240  1343221   0.915
   916    12240  1344689   0.916
   917    12240  1346157   0.917
   918    12240  1347625   0.918
   919    12240  1349093   0.919
   920    12240  1350561   0.920
   921    12240  1352029   0.921
   922    12240  1353497   0.922
   923    12240  1354965   0.923
   924    12240  1356433   0.924
   925    12240  1357901   0.925
   926    12240  1359369   0.926
   927    12240  1360837   0.927
   928    12240  1362305   0.928
   929    12240  1363773   0.929
   930    12240  1365241   0.930
   931    12240  1366709   0.931
   932    12240  1368177   0.932
   933    12240  1369645   0.933
   934    12240  1371113   0.934
   935    12240  1372581   0.935
   936    12240  1374049   0.936
   937    12240  1375517   0.937
   938    12240  1376985   0.938
   939    12240  1378453   0.939
   940    12240  1379921   0.940
   941    12240  1381389   0.941
   942    12240  1382857   0.942
   943    12240  1384325   0.943
   944    12240  1385793   0.944
   945    12240  1387261   0.945
   946    12240  1388729   0.946
   947    12240  1390197   0.947
   948    12240  1391665   0.948
   949    12240  1393133   0.949
   950    12240  1394601   0.950
   951    12240  1396069   0.951
   952    12240  1397537   0.952
   953    12240  1399005   0.953
   954    12240  1400473   0.954
   955    12240  1401941   0.955
   956    12240  1403409   0.956
   957    12240  1404877   0.957
   958    12240  1406345   0.958
   959    12240  1407813   0.959
   960    12240  1409281   0.960
   961    12240  1410749   0.961
   962    12240  1412217   0.962
   963    12240  1413685   0.963
   964    12240  1415153   0.964
   965    12240  1416621   0.965
   966    12240  1418089   0.966
   967    12240  1419557   0.967
   968    12240  1421025   0.968
   969    12240  1422493   0.969
   970    12240  1423961   0.970
   971    12240  1425429   0.971
   972    12240  1426897   0.972
   973    12240  1428365   0.973
   974    12240  1429833   0.974
   975    12240  1431301   0.975
   976    12240  1432769   0.976
   977    12240  1434237   0.977
   978    12240  1435705   0.978
   979    12240  1437173   0.979
   980    12240  1438641   0.980
   981    12240  1440109   0.981
   982    12240  1441577   0.982
   983    12240  1443045   0.983
   984    12240  1444513   0.984
   985    12240  1445981   0.985
   986    12240  1447449   0.986
   987    12240  1448917   0.987
   988    12240  1450385   0.988
   989    12240  1451853   0.989
   990    12240  1453321   0.990
   991    12240  1454789   0.991
   992    12240  1456257   0.992
   993    12240  1457725   0.993
   994    12240  1459193   0.994
   995    12240  1460661   0.995
   996    12240  1462129   0.996
   997    12240  1463597   0.997
   998    12240  1465065   0.998
   999    12240  1466533   0.999
  1000    12240  1468001   1.000
  1001    12240  1469469   1.001
  1002    12240  1470937   1.002
  1003    12240  1472405   1.003
  1004    12240  1473873   1.004
  1005    12240  1475341   1.005
  1006    12240  1476809   1.006
  1007    12240  1478277   1.007
  1008    12240  1479745   1.008
  1009    12240  1481213   1.009
  1010    12240  1482681   1.010
  1011    12240  1484149   1.011
  1012    12240  1485617   1.012
  1013    12240  1487085   1.013
  1014    12240  1488553   1.014
  1015    12240  1490021   1.015
  1016    12240  1491489   1.016
  1017    12240  1492957   1.017
  1018    12240  1494425   1.018
  1019    12240  1495893   1.019
  1020    12240  1497361   1.020
  1021    12240  1498829   1.021
  1022    12240  1500297   1.022
  1023    12240  1501765   1.023
  1024    12240  1503233   1.024
  1025    12240  1504701   1.025
  1026    12240  1506169   1.026
  1027    12240  1507637   1.027
  1028    12240  1509105   1.028
  1029    12240  1510573   1.029
  1030    12240  1512041   1.030
  1031    12240  1513509   1.031
  1032    12240  1514977   1.032
  1033    12240  1516445   1.033
  1034    12240  1517913   1.034
  1035    12240  1519381   1.035
  1036    12240  1520849   1.036
  1037    12240  1522317   1.037
  1038    12240  1523785   1.038
  1039    12240  1525253   1.039
  1040    12240  1526721   1.040
  1041    12240  1528189   1.041
  1042    12240  1529657   1.042
  1043    12240  1531125   1.043
  1044    12240  1532593   1.044
  1045    12240  1534061   1.045
  1046    12240  1535529   1.046
  1047    12240  1536997   1.047
  1048    12240  1538465   1.048
  1049    12240  1539933   1.049
  1050    12240  1541401   1.050
  1051    12240  1542869   1.051
  1052    12240  1544337   1.052
  1053    12240  1545805   1.053
  1054    12240  1547273   1.054
  1055    12240  1548741   1.055
  1056    12240  1550209   1.056
  1057    12240  1551677   1.057
  1058    12240  1553145   1.058
  1059    12240  1554613   1.059
  1060    12240  1556081   1.060
  1061    12240  1557549   1.061
  1062    12240  1559017   1.062
  1063    12240  1560485   1.063
  1064    12240  1561953   1.064
  1065    12240  1563421   1.065
  1066    12240  1564889   1.066
  1067    12240  1566357   1.067
  1068    12240  1567825   1.068
  1069    12240  1569293   1.069
  1070    12240  1570761   1.070
  1071    12240  1572229   1.071
  1072    12240  1573697   1.072
  1073    12240  1575165   1.073
  1074    12240  1576633   1.074
  1075    12240  1578101   1.075
  1076    12240  1579569   1.076
  1077    12240  1581037   1.077
  1078    12240  1582505   1.078
  1079    12240  1583973   1.079
  1080    12240  1585441   1.080
  1081    12240  1586909   1.081
  1082    12240  1588377   1.082
  1083    12240  1589845   1.083
  1084    12240  1591313   1.084
  1085    12240  1592781   1.085
  1086    12240  1594249   1.086
  1087    12240  1595717   1.087
  1088    12240  1597185   1.088
  1089    12240  1598653   1.089
  1090    12240  1600121   1.090
  1091    12240  1601589   1.091
  1092    12240  1603057   1.092
  1093    12240  1604525   1.093
  1094    12240  1605993   1.094
  1095    12240  1607461   1.095
  1096    12240  1608929   1.096
  1097    12240  1610397   1.097
  1098    12240  1611865   1.098
  1099    12240  1613333   1.099
  1100    12240  1614801   1.100
  1101    12240  1616269   1.101
  1102    12240  1617737   1.102
  1103    12240  1619205   1.103
  1104    12240  1620673   1.104
  1105    12240  1622141   1.105
  1106    12240  1623609   1.106
  1107    12240  1625077   1.107
  1108    12240  1626545   1.108
  1109    12240  1628013   1.109
  1110    12240  1629481   1.110
  1111    12240  1630949   1.111
  1112    12240  1632417   1.112
  1113    12240  1633885   1.113
  1114    12240  1635353   1.114
  1115    12240  1636821   1.115
  1116    12240  1638289   1.116
  1117    12240  1639757   1.117
  1118    12240  1641225   1.118
  1119    12240  1642693   1.119
  1120    12240  1644161   1.120
  1121    12240  1645629   1.121
  1122    12240  1647097   1.122
  1123    12240  1648565   1.123
  1124    12240  1650033   1.124
  1125    12240  1651501   1.125
  1126    12240  1652969   1.126
  1127    12240  1654437   1.127
  1128    12240  1655905   1.128
  1129    12240  1657373   1.129
  1130    12240  1658841   1.130
  1131    12240  1660309   1.131
  1132    12240  1661777   1.132
  1133    12240  1663245   1.133
  1134    12240  1664713   1.134
  1135    12240  1666181   1.135
  1136    12240  1667649   1.136
  1137    12240  1669117   1.137
  1138    12240  1670585   1.138
  1139    12240  1672053   1.139
  1140    12240  1673521   1.140
  1141    12240  1674989   1.141
  1142    12240  1676457   1.142
  1143    12240  1677925   1.143
  1144    12240  1679393   1.144
  1145    12240  1680861   1.145
  1146    12240  1682329   1.146
  1147    12240  1683797   1.147
  1148    12240  1685265   1.148
  1149    12240  1686733   1.149
  1150    12240  1688201   1.150
  1151    12240  1689669   1.151
  1152    12240  1691137   1.152
  1153    12240  1692605   1.153
  1154    12240  1694073   1.154
  1155    12240  1695541   1.155
  1156    12240  1697009   1.156
  1157    12240  1698477   1.157
  1158    12240  1699945   1.158
  1159    12240  1701413   1.159
  1160    12240  1702881   1.160
  1161    12240  1704349   1.161
  1162    12240  1705817   1.162
  1163    12240  1707285   1.163
  1164    12240  1708753   1.164
  1165    12240  1710221   1.165
  1166    12240  1711689   1.166
  1167    12240  1713157   1.167
  1168    12240  1714625   1.168
  1169    12240  1716093   1.169
  1170    12240  1717561   1.170
  1171    12240  1719029   1.171
  1172    12240  1720497   1.172
  1173    12240  1721965   1.173
  1174    12240  1723433   1.174
  1175    12240  1724901   1.175
  1176    12240  1726369   1.176
  1177    12240  1727837   1.177
  1178    12240  1729305   1.178
  1179    12240  1730773   1.179
  1180    12240  1732241   1.180
  1181    12240  1733709   1.181
  1182    12240  1735177   1.182
  1183    12240  1736645   1.183
  1184    12240  1738113   1.184
  1185    12240  1739581   1.185
  1186    12240  1741049   1.186
  1187    12240  1742517   1.187
  1188    12240  1743985   1.188
  1189    12240  1745453   1.189
  1190    12240  1746921   1.190
  1191    12240  1748389   1.191
  1192    12240  1749857   1.192
  1193    12240  1751325   1.193
  1194    12240  1752793   1.194
  1195    12240  1754261   1.195
  1196    12240  1755729   1.196
  1197    12240  1757197   1.197
  1198    12240  1758665   1.198
  1199    12240  1760133   1.199
  1200    12240  1761601   1.200
  1201    12240  1763069   1.201
  1202    12240  1764537   1.202
  1203    12240  1766005   1.203
  1204    12240  1767473   1.204
  1205    12240  1768941   1.205
  1206    12240  1770409   1.206
  1207    12240  1771877   1.207
  1208    12240  1773345   1.208
  1209    12240  1774813   1.209
  1210    12240  1776281   1.210
  1211    12240  1777749   1.211
  1212    12240  1779217   1.212
  1213    12240  1780685   1.213
  1214    12240  1782153   1.214
  1215    12240  1783621   1.215
  1216    12240  1785089   1.216
  1217    12240  1786557   1.217
  1218    12240  1788025   1.218
  1219    12240  1789493   1.219
  1220    12240  1790961   1.220
  1221    12240  1792429   1.221
  1222    12240  1793897   1.222
  1223    12240  1795365   1.223
  1224    12240  1796833   1.224
  1225    12240  1798301   1.225
  1226    12240  1799769   1.226
  1227    12240  1801237   1.227
  1228    12240  1802705   1.228
  1229    12240  1804173   1.229
  1230    12240  1805641   1.230
  1231    12240  1807109   1.231
  1232    12240  1808577   1.232
  1233    12240  1810045   1.233
  1234    12240  1811513   1.234
  1235    12240  1812981   1.235
  1236    12240  1814449   1.236
  1237    12240  1815917   1.237
  1238    12240  1817385   1.238
  1239    12240  1818853   1.239
  1240    12240  1820321   1.240
  1241    12240  1821789   1.241
  1242    12240  1823257   1.242
  1243    12240  1824725   1.243
  1244    12240  1826193   1.244
  1245    12240  1827661   1.245
  1246    12240  1829129   1.246
  1247    12240  1830597   1.247
  1248    12240  1832065   1.248
  1249    12240  1833533   1.249
  1250    12240  1835001   1.250
  1251    12240  1836469   1.251
  1252    12240  1837937   1.252
  1253    12240  1839405   1.253
  1254    12240  1840873   1.254
  1255    12240  1842341   1.255
  1256    12240  1843809   1.256
  1257    12240  1845277   1.257
  1258    12240  1846745   1.258
  1259    12240  1848213   1.259
  1260    12240  1849681   1.260
  1261    12240  1851149   1.261
  1262    12240  1852617   1.262
  1263    12240  1854085   1.263
  1264    12240  1855553   1.264
  1265    12240  1857021   1.265
  1266    12240  1858489   1.266
  1267    12240  1859957   1.267
  1268    12240  1861425   1.268
  1269    12240  1862893   1.269
  1270    12240  1864361   1.270
  1271    12240  1865829   1.271
  1272    12240  1867297   1.272
  1273    12240  1868765   1.273
  1274    12240  1870233   1.274
  1275    12240  1871701   1.275
  1276    12240  1873169   1.276
  1277    12240  1874637   1.277
  1278    12240  1876105   1.278
  1279    12240  1877573   1.279
  1280    12240  1879041   1.280
  1281    12240  1880509   1.281
  1282    12240  1881977   1.282
  1283    12240  1883445   1.283
  1284    12240  1884913   1.284
  1285    12240  1886381   1.285
  1286    12240  1887849   1.286
  1287    12240  1889317   1.287
  1288    12240  1890785   1.288
  1289    12240  1892253   1.289
  1290    12240  1893721   1.290
  1291    12240  1895189   1.291
  1292    12240  1896657   1.292
  1293    12240  1898125   1.293
  1294    12240  1899593   1.294
  1295    12240  1901061   1.295
  1296    12240  1902529   1.296
  1297    12240  1903997   1.297
  1298    12240  1905465   1.298
  1299    12240  1906933   1.299
  1300    12240  1908401   1.300
  1301    12240  1909869   1.301
  1302    12240  1911337   1.302
  1303    12240  1912805   1.303
  1304    12240  1914273   1.304
  1305    12240  1915741   1.305
  1306    12240  1917209   1.306
  1307    12240  1918677   1.307
  1308    12240  1920145   1.308
  1309    12240  1921613   1.309
  1310    12240  1923081   1.310
  1311    12240  1924549   1.311
  1312    12240  1926017   1.312
  1313    12240  1927485   1.313
  1314    12240  1928953   1.314
  1315    12240  1930421   1.315
  1316    12240  1931889   1.316
