      1000  0.56E-03  0.21E-03  0.22E-03
      2000  0.13E-02  0.14E-03  0.15E-03
      3000  0.18E-02  0.12E-03  0.13E-03
      4000  0.24E-02  0.11E-03  0.11E-03
      5000  0.30E-02  0.99E-04  0.10E-03
      6000  0.36E-02  0.89E-04  0.90E-04
      7000  0.42E-02  0.81E-04  0.82E-04
      8000  0.49E-02  0.75E-04  0.76E-04
      9000  0.55E-02  0.70E-04  0.73E-04
     10000  0.61E-02  0.66E-04  0.70E-04
     11000  0.67E-02  0.63E-04  0.71E-04
     12000  0.73E-02  0.60E-04  0.69E-04
     13000  0.80E-02  0.59E-04  0.67E-04
     14000  0.86E-02  0.55E-04  0.64E-04
     15000  0.91E-02  0.43E-04  0.44E-04
     16000  0.97E-02  0.42E-04  0.43E-04
     17000  0.19E-02  0.42E-03  0.81E-03
     18000  0.25E-02  0.98E-04  0.99E-04
     19000  0.30E-02  0.94E-04  0.98E-04
     20000  0.36E-02  0.82E-04  0.84E-04
     21000  0.41E-02  0.72E-04  0.74E-04
     22000  0.46E-02  0.78E-04  0.81E-04
     23000  0.52E-02  0.72E-04  0.76E-04
     24000  0.57E-02  0.63E-04  0.67E-04
     25000  0.62E-02  0.73E-04  0.75E-04
     26000  0.68E-02  0.61E-04  0.67E-04
     27000  0.73E-02  0.60E-04  0.64E-04
     28000  0.78E-02  0.59E-04  0.63E-04
     29000  0.84E-02  0.54E-04  0.59E-04
     30000  0.89E-02  0.51E-04  0.59E-04
     31000  0.95E-02  0.52E-04  0.60E-04
     32000  0.10E-01  0.48E-04  0.52E-04
     33000  0.11E-01  0.50E-04  0.54E-04
     34000  0.11E-01  0.48E-04  0.55E-04
     35000  0.12E-01  0.49E-04  0.54E-04
     36000  0.12E-01  0.44E-04  0.48E-04
     37000  0.13E-01  0.43E-04  0.47E-04
     38000  0.13E-01  0.41E-04  0.47E-04
     39000  0.14E-01  0.39E-04  0.50E-04
     40000  0.14E-01  0.40E-04  0.42E-04
     41000  0.66E-02  0.10E-03  0.17E-03
     42000  0.72E-02  0.71E-04  0.75E-04
     43000  0.79E-02  0.59E-04  0.64E-04
     44000  0.84E-02  0.55E-04  0.58E-04
     45000  0.89E-02  0.51E-04  0.53E-04
     46000  0.95E-02  0.48E-04  0.49E-04
     47000  0.10E-01  0.45E-04  0.47E-04
     48000  0.11E-01  0.44E-04  0.45E-04
     49000  0.11E-01  0.41E-04  0.43E-04
     50000  0.12E-01  0.40E-04  0.42E-04
     51000  0.12E-01  0.39E-04  0.41E-04
     52000  0.13E-01  0.37E-04  0.40E-04
     53000  0.13E-01  0.36E-04  0.39E-04
     54000  0.14E-01  0.35E-04  0.38E-04
     55000  0.15E-01  0.34E-04  0.37E-04
     56000  0.15E-01  0.33E-04  0.36E-04
     57000  0.16E-01  0.32E-04  0.35E-04
     58000  0.16E-01  0.31E-04  0.35E-04
     59000  0.17E-01  0.30E-04  0.34E-04
     60000  0.18E-01  0.29E-04  0.33E-04
     61000  0.18E-01  0.28E-04  0.32E-04
     62000  0.19E-01  0.28E-04  0.31E-04
     63000  0.19E-01  0.27E-04  0.30E-04
     64000  0.20E-01  0.26E-04  0.31E-04
     65000  0.21E-01  0.26E-04  0.28E-04
     66000  0.21E-01  0.25E-04  0.28E-04
     67000  0.22E-01  0.24E-04  0.27E-04
     68000  0.22E-01  0.24E-04  0.26E-04
     69000  0.23E-01  0.23E-04  0.26E-04
     70000  0.23E-01  0.23E-04  0.25E-04
     71000  0.24E-01  0.22E-04  0.24E-04
     72000  0.25E-01  0.22E-04  0.24E-04
     73000  0.25E-01  0.21E-04  0.23E-04
     74000  0.26E-01  0.21E-04  0.23E-04
     75000  0.26E-01  0.20E-04  0.22E-04
     76000  0.27E-01  0.20E-04  0.22E-04
     77000  0.28E-01  0.19E-04  0.21E-04
     78000  0.28E-01  0.19E-04  0.21E-04
     79000  0.20E-01  0.56E-04  0.94E-04
     80000  0.21E-01  0.28E-04  0.38E-04
     81000  0.22E-01  0.28E-04  0.29E-04
     82000  0.22E-01  0.24E-04  0.26E-04
     83000  0.23E-01  0.24E-04  0.25E-04
     84000  0.24E-01  0.23E-04  0.24E-04
     85000  0.24E-01  0.23E-04  0.26E-04
     86000  0.25E-01  0.23E-04  0.27E-04
     87000  0.25E-01  0.22E-04  0.29E-04
     88000  0.26E-01  0.22E-04  0.36E-04
     89000  0.26E-01  0.22E-04  0.35E-04
     90000  0.23E-03  0.21E-04  0.35E-04
     91000  0.79E-03  0.20E-03  0.21E-03
     92000  0.14E-02  0.13E-03  0.14E-03
     93000  0.19E-02  0.11E-03  0.11E-03
     94000  0.23E-02  0.99E-04  0.10E-03
     95000  0.28E-02  0.89E-04  0.91E-04
     96000  0.33E-02  0.79E-04  0.86E-04
     97000  0.38E-02  0.78E-04  0.80E-04
     98000  0.43E-02  0.72E-04  0.76E-04
     99000  0.48E-02  0.69E-04  0.70E-04
    100000  0.53E-02  0.63E-04  0.66E-04
    101000  0.58E-02  0.61E-04  0.67E-04
    102000  0.63E-02  0.58E-04  0.62E-04
    103000  0.68E-02  0.54E-04  0.59E-04
    104000  0.73E-02  0.52E-04  0.55E-04
    105000  0.78E-02  0.50E-04  0.53E-04
    106000  0.84E-02  0.48E-04  0.51E-04
    107000  0.89E-02  0.47E-04  0.50E-04
    108000  0.94E-02  0.45E-04  0.48E-04
    109000  0.15E-02  0.13E-03  0.15E-03
    110000  0.21E-02  0.11E-03  0.11E-03
    111000  0.27E-02  0.92E-04  0.96E-04
    112000  0.31E-02  0.87E-04  0.91E-04
    113000  0.36E-02  0.78E-04  0.84E-04
    114000  0.41E-02  0.72E-04  0.74E-04
    115000  0.46E-02  0.66E-04  0.67E-04
    116000  0.51E-02  0.62E-04  0.64E-04
    117000  0.56E-02  0.59E-04  0.60E-04
    118000  0.61E-02  0.56E-04  0.57E-04
    119000  0.66E-02  0.53E-04  0.55E-04
    120000  0.71E-02  0.50E-04  0.52E-04
    121000  0.76E-02  0.48E-04  0.50E-04
    122000  0.81E-02  0.46E-04  0.48E-04
    123000  0.87E-02  0.44E-04  0.47E-04
    124000  0.92E-02  0.43E-04  0.45E-04
    125000  0.97E-02  0.41E-04  0.43E-04
    126000  0.10E-01  0.40E-04  0.42E-04
    127000  0.11E-01  0.39E-04  0.41E-04
    128000  0.11E-01  0.37E-04  0.39E-04
    129000  0.12E-01  0.36E-04  0.38E-04
    130000  0.12E-01  0.35E-04  0.37E-04
    131000  0.13E-01  0.35E-04  0.36E-04
    132000  0.51E-02  0.94E-04  0.97E-04
    133000  0.58E-02  0.65E-04  0.67E-04
    134000  0.64E-02  0.61E-04  0.64E-04
    135000  0.70E-02  0.56E-04  0.59E-04
    136000  0.76E-02  0.54E-04  0.58E-04
    137000  0.82E-02  0.54E-04  0.57E-04
    138000  0.87E-02  0.50E-04  0.53E-04
    139000  0.92E-02  0.49E-04  0.51E-04
    140000  0.98E-02  0.46E-04  0.48E-04
    141000  0.10E-01  0.44E-04  0.46E-04
    142000  0.11E-01  0.42E-04  0.45E-04
    143000  0.12E-01  0.41E-04  0.43E-04
    144000  0.12E-01  0.40E-04  0.41E-04
    145000  0.13E-01  0.39E-04  0.40E-04
    146000  0.13E-01  0.38E-04  0.39E-04
    147000 -0.20E-02  0.23E-03  0.24E-03
    148000 -0.14E-02  0.16E-03  0.17E-03
    149000 -0.71E-03  0.13E-03  0.13E-03
    150000 -0.13E-03  0.12E-03  0.12E-03
    151000  0.38E-03  0.11E-03  0.11E-03
    152000  0.92E-03  0.10E-03  0.10E-03
    153000  0.15E-02  0.85E-04  0.86E-04
    154000  0.21E-02  0.79E-04  0.80E-04
    155000  0.27E-02  0.73E-04  0.74E-04
    156000  0.32E-02  0.68E-04  0.69E-04
    157000  0.38E-02  0.64E-04  0.67E-04
    158000  0.44E-02  0.60E-04  0.61E-04
    159000  0.50E-02  0.58E-04  0.60E-04
    160000  0.56E-02  0.54E-04  0.59E-04
    161000  0.62E-02  0.51E-04  0.57E-04
    162000  0.68E-02  0.49E-04  0.55E-04
    163000 -0.96E-03  0.16E-03  0.34E-03
    164000 -0.25E-03  0.11E-03  0.12E-03
    165000  0.51E-03  0.10E-03  0.10E-03
    166000  0.11E-02  0.98E-04  0.10E-03
    167000  0.16E-02  0.90E-04  0.93E-04
    168000  0.22E-02  0.83E-04  0.86E-04
    169000  0.28E-02  0.75E-04  0.84E-04
    170000  0.35E-02  0.74E-04  0.82E-04
    171000  0.41E-02  0.65E-04  0.78E-04
    172000  0.47E-02  0.64E-04  0.78E-04
    173000  0.53E-02  0.60E-04  0.73E-04
    174000  0.59E-02  0.56E-04  0.71E-04
    175000  0.65E-02  0.55E-04  0.70E-04
    176000  0.72E-02  0.52E-04  0.67E-04
    177000  0.78E-02  0.50E-04  0.66E-04
    178000  0.84E-02  0.49E-04  0.62E-04
    179000  0.90E-02  0.45E-04  0.57E-04
    180000  0.96E-02  0.43E-04  0.54E-04
    181000  0.10E-01  0.43E-04  0.57E-04
    182000  0.11E-01  0.40E-04  0.58E-04
    183000  0.32E-02  0.98E-04  0.12E-03
    184000  0.38E-02  0.71E-04  0.86E-04
    185000  0.45E-02  0.66E-04  0.81E-04
    186000  0.52E-02  0.62E-04  0.76E-04
    187000  0.58E-02  0.63E-04  0.71E-04
    188000  0.64E-02  0.55E-04  0.65E-04
    189000  0.69E-02  0.52E-04  0.66E-04
    190000  0.76E-02  0.51E-04  0.63E-04
    191000  0.82E-02  0.47E-04  0.63E-04
    192000  0.88E-02  0.48E-04  0.62E-04
    193000  0.95E-02  0.47E-04  0.62E-04
    194000  0.10E-01  0.44E-04  0.55E-04
    195000  0.11E-01  0.41E-04  0.50E-04
    196000  0.11E-01  0.41E-04  0.51E-04
    197000  0.12E-01  0.38E-04  0.53E-04
    198000  0.13E-01  0.36E-04  0.47E-04
    199000  0.13E-01  0.37E-04  0.48E-04
    200000  0.14E-01  0.34E-04  0.45E-04
    201000  0.14E-01  0.34E-04  0.44E-04
    202000  0.15E-01  0.33E-04  0.40E-04
    203000  0.16E-01  0.32E-04  0.40E-04
    204000  0.16E-01  0.30E-04  0.36E-04
    205000  0.17E-01  0.29E-04  0.35E-04
    206000  0.18E-01  0.28E-04  0.34E-04
    207000  0.18E-01  0.28E-04  0.32E-04
    208000  0.19E-01  0.27E-04  0.31E-04
    209000  0.20E-01  0.26E-04  0.30E-04
    210000  0.20E-01  0.25E-04  0.29E-04
    211000  0.21E-01  0.25E-04  0.27E-04
    212000  0.21E-01  0.24E-04  0.27E-04
    213000  0.22E-01  0.24E-04  0.26E-04
    214000  0.23E-01  0.23E-04  0.25E-04
    215000  0.23E-01  0.22E-04  0.24E-04
    216000  0.24E-01  0.22E-04  0.23E-04
    217000  0.25E-01  0.22E-04  0.23E-04
    218000  0.25E-01  0.22E-04  0.23E-04
    219000  0.18E-01  0.74E-04  0.86E-04
    220000  0.18E-01  0.32E-04  0.33E-04
    221000  0.19E-01  0.32E-04  0.32E-04
    222000  0.20E-01  0.28E-04  0.30E-04
    223000  0.20E-01  0.27E-04  0.28E-04
    224000  0.21E-01  0.27E-04  0.29E-04
    225000  0.22E-01  0.25E-04  0.29E-04
    226000  0.22E-01  0.25E-04  0.28E-04
    227000 -0.44E-02  0.25E-04  0.31E-04
    228000 -0.39E-02  0.23E-03  0.23E-03
    229000 -0.33E-02  0.15E-03  0.15E-03
    230000 -0.27E-02  0.14E-03  0.15E-03
    231000 -0.22E-02  0.12E-03  0.13E-03
    232000 -0.17E-02  0.97E-04  0.99E-04
    233000 -0.12E-02  0.88E-04  0.92E-04
    234000 -0.62E-03  0.78E-04  0.80E-04
    235000 -0.69E-04  0.73E-04  0.75E-04
    236000  0.47E-03  0.69E-04  0.71E-04
    237000  0.10E-02  0.65E-04  0.67E-04
    238000  0.16E-02  0.62E-04  0.64E-04
    239000  0.21E-02  0.58E-04  0.60E-04
    240000  0.27E-02  0.56E-04  0.57E-04
    241000  0.32E-02  0.54E-04  0.56E-04
    242000  0.37E-02  0.48E-04  0.50E-04
    243000  0.43E-02  0.48E-04  0.49E-04
    244000 -0.35E-02  0.14E-03  0.21E-03
    245000 -0.29E-02  0.11E-03  0.12E-03
    246000 -0.23E-02  0.99E-04  0.10E-03
    247000 -0.17E-02  0.89E-04  0.91E-04
    248000 -0.12E-02  0.88E-04  0.91E-04
    249000 -0.73E-03  0.79E-04  0.80E-04
    250000 -0.22E-03  0.72E-04  0.75E-04
    251000  0.33E-03  0.65E-04  0.66E-04
    252000  0.88E-03  0.62E-04  0.64E-04
    253000  0.14E-02  0.58E-04  0.59E-04
    254000  0.19E-02  0.56E-04  0.58E-04
    255000  0.25E-02  0.56E-04  0.59E-04
    256000  0.30E-02  0.57E-04  0.61E-04
    257000  0.36E-02  0.50E-04  0.51E-04
    258000  0.41E-02  0.49E-04  0.52E-04
    259000  0.46E-02  0.47E-04  0.50E-04
    260000  0.52E-02  0.42E-04  0.45E-04
    261000  0.57E-02  0.40E-04  0.42E-04
    262000  0.63E-02  0.38E-04  0.40E-04
    263000  0.68E-02  0.39E-04  0.40E-04
    264000  0.73E-02  0.39E-04  0.42E-04
    265000  0.79E-02  0.35E-04  0.36E-04
    266000  0.68E-04  0.90E-04  0.10E-03
    267000  0.62E-03  0.72E-04  0.79E-04
    268000  0.13E-02  0.63E-04  0.64E-04
    269000  0.18E-02  0.61E-04  0.65E-04
    270000  0.24E-02  0.54E-04  0.55E-04
    271000  0.30E-02  0.54E-04  0.55E-04
    272000  0.35E-02  0.50E-04  0.51E-04
    273000  0.40E-02  0.48E-04  0.49E-04
    274000  0.45E-02  0.49E-04  0.50E-04
    275000  0.51E-02  0.48E-04  0.50E-04
    276000  0.56E-02  0.44E-04  0.48E-04
    277000 -0.64E-02  0.21E-03  0.22E-03
    278000 -0.58E-02  0.15E-03  0.16E-03
    279000 -0.53E-02  0.13E-03  0.13E-03
    280000 -0.47E-02  0.11E-03  0.11E-03
    281000 -0.42E-02  0.11E-03  0.11E-03
    282000 -0.37E-02  0.11E-03  0.11E-03
    283000 -0.32E-02  0.85E-04  0.88E-04
    284000 -0.27E-02  0.80E-04  0.82E-04
    285000 -0.21E-02  0.76E-04  0.76E-04
    286000 -0.15E-02  0.70E-04  0.73E-04
    287000 -0.99E-03  0.65E-04  0.67E-04
    288000 -0.44E-03  0.64E-04  0.65E-04
    289000  0.12E-03  0.59E-04  0.60E-04
    290000  0.69E-03  0.55E-04  0.56E-04
    291000  0.13E-02  0.52E-04  0.52E-04
    292000  0.18E-02  0.52E-04  0.54E-04
    293000 -0.59E-02  0.15E-03  0.28E-03
    294000 -0.53E-02  0.12E-03  0.13E-03
    295000 -0.47E-02  0.11E-03  0.11E-03
    296000 -0.40E-02  0.99E-04  0.10E-03
    297000 -0.34E-02  0.91E-04  0.96E-04
    298000 -0.29E-02  0.86E-04  0.95E-04
    299000 -0.23E-02  0.79E-04  0.81E-04
    300000 -0.17E-02  0.73E-04  0.75E-04
    301000 -0.11E-02  0.66E-04  0.75E-04
    302000 -0.53E-03  0.64E-04  0.75E-04
    303000  0.84E-04  0.61E-04  0.72E-04
    304000  0.68E-03  0.59E-04  0.70E-04
    305000  0.13E-02  0.56E-04  0.70E-04
    306000  0.19E-02  0.52E-04  0.65E-04
    307000  0.25E-02  0.49E-04  0.60E-04
    308000  0.31E-02  0.50E-04  0.65E-04
    309000  0.37E-02  0.47E-04  0.62E-04
    310000  0.43E-02  0.46E-04  0.62E-04
    311000  0.49E-02  0.42E-04  0.60E-04
    312000  0.55E-02  0.43E-04  0.59E-04
    313000  0.61E-02  0.39E-04  0.55E-04
    314000 -0.16E-02  0.10E-03  0.12E-03
    315000 -0.90E-03  0.69E-04  0.95E-04
    316000 -0.26E-03  0.66E-04  0.90E-04
    317000  0.46E-03  0.63E-04  0.87E-04
    318000  0.11E-02  0.59E-04  0.87E-04
    319000  0.17E-02  0.59E-04  0.86E-04
    320000  0.23E-02  0.55E-04  0.79E-04
    321000  0.29E-02  0.51E-04  0.79E-04
    322000  0.35E-02  0.50E-04  0.74E-04
    323000  0.41E-02  0.49E-04  0.70E-04
    324000  0.47E-02  0.48E-04  0.69E-04
    325000  0.54E-02  0.48E-04  0.64E-04
    326000  0.60E-02  0.43E-04  0.64E-04
    327000  0.66E-02  0.43E-04  0.64E-04
    328000  0.73E-02  0.41E-04  0.62E-04
    329000  0.79E-02  0.40E-04  0.60E-04
    330000  0.85E-02  0.36E-04  0.61E-04
    331000  0.92E-02  0.39E-04  0.55E-04
    332000  0.98E-02  0.36E-04  0.55E-04
    333000  0.10E-01  0.35E-04  0.53E-04
    334000  0.11E-01  0.36E-04  0.53E-04
    335000  0.12E-01  0.35E-04  0.50E-04
    336000  0.12E-01  0.32E-04  0.50E-04
    337000  0.13E-01  0.32E-04  0.47E-04
    338000 -0.86E-02  0.23E-03  0.24E-03
    339000 -0.80E-02  0.16E-03  0.18E-03
    340000 -0.74E-02  0.13E-03  0.15E-03
    341000 -0.68E-02  0.12E-03  0.14E-03
    342000 -0.62E-02  0.11E-03  0.13E-03
    343000 -0.57E-02  0.94E-04  0.11E-03
    344000 -0.52E-02  0.87E-04  0.99E-04
    345000 -0.46E-02  0.80E-04  0.96E-04
    346000 -0.40E-02  0.74E-04  0.83E-04
    347000 -0.34E-02  0.68E-04  0.78E-04
    348000 -0.28E-02  0.65E-04  0.73E-04
    349000 -0.23E-02  0.61E-04  0.67E-04
    350000 -0.17E-02  0.58E-04  0.63E-04
    351000 -0.11E-02  0.55E-04  0.58E-04
    352000 -0.51E-03  0.54E-04  0.55E-04
    353000  0.84E-04  0.49E-04  0.51E-04
    354000  0.67E-03  0.48E-04  0.50E-04
    355000 -0.71E-02  0.22E-03  0.43E-03
    356000 -0.64E-02  0.11E-03  0.11E-03
    357000 -0.56E-02  0.96E-04  0.98E-04
    358000 -0.49E-02  0.85E-04  0.88E-04
    359000 -0.44E-02  0.82E-04  0.84E-04
    360000 -0.38E-02  0.76E-04  0.77E-04
    361000 -0.33E-02  0.71E-04  0.73E-04
    362000 -0.27E-02  0.64E-04  0.68E-04
    363000 -0.21E-02  0.61E-04  0.66E-04
    364000 -0.15E-02  0.59E-04  0.64E-04
    365000 -0.91E-03  0.57E-04  0.60E-04
    366000 -0.33E-03  0.54E-04  0.58E-04
    367000  0.26E-03  0.53E-04  0.56E-04
    368000  0.84E-03  0.49E-04  0.53E-04
    369000  0.14E-02  0.46E-04  0.53E-04
    370000  0.20E-02  0.46E-04  0.48E-04
    371000  0.26E-02  0.43E-04  0.45E-04
    372000  0.32E-02  0.41E-04  0.43E-04
    373000  0.37E-02  0.42E-04  0.43E-04
    374000  0.43E-02  0.37E-04  0.39E-04
    375000  0.49E-02  0.37E-04  0.40E-04
    376000  0.55E-02  0.37E-04  0.40E-04
    377000 -0.23E-02  0.79E-04  0.12E-03
    378000 -0.17E-02  0.72E-04  0.13E-03
    379000 -0.11E-02  0.55E-04  0.58E-04
    380000 -0.49E-03  0.51E-04  0.54E-04
    381000  0.14E-03  0.47E-04  0.48E-04
    382000  0.68E-03  0.49E-04  0.50E-04
    383000  0.12E-02  0.44E-04  0.46E-04
    384000  0.17E-02  0.43E-04  0.46E-04
    385000  0.22E-02  0.41E-04  0.44E-04
    386000  0.28E-02  0.38E-04  0.40E-04
    387000  0.34E-02  0.36E-04  0.39E-04
    388000  0.39E-02  0.35E-04  0.38E-04
    389000  0.45E-02  0.35E-04  0.37E-04
    390000  0.50E-02  0.35E-04  0.37E-04
    391000  0.56E-02  0.35E-04  0.37E-04
    392000  0.62E-02  0.32E-04  0.33E-04
    393000  0.67E-02  0.31E-04  0.32E-04
    394000  0.73E-02  0.31E-04  0.33E-04
    395000 -0.10E-01  0.21E-03  0.22E-03
    396000 -0.99E-02  0.14E-03  0.15E-03
    397000 -0.94E-02  0.12E-03  0.13E-03
    398000 -0.89E-02  0.11E-03  0.11E-03
    399000 -0.84E-02  0.96E-04  0.97E-04
    400000 -0.79E-02  0.87E-04  0.90E-04
    401000 -0.74E-02  0.81E-04  0.85E-04
    402000 -0.69E-02  0.73E-04  0.75E-04
    403000 -0.63E-02  0.71E-04  0.73E-04
    404000 -0.58E-02  0.65E-04  0.66E-04
    405000 -0.53E-02  0.64E-04  0.66E-04
    406000 -0.48E-02  0.62E-04  0.64E-04
    407000 -0.43E-02  0.57E-04  0.59E-04
    408000 -0.37E-02  0.55E-04  0.57E-04
    409000 -0.32E-02  0.52E-04  0.53E-04
    410000 -0.27E-02  0.50E-04  0.53E-04
    411000 -0.22E-02  0.48E-04  0.49E-04
    412000 -0.16E-02  0.47E-04  0.48E-04
    413000 -0.94E-02  0.13E-03  0.17E-03
    414000 -0.88E-02  0.10E-03  0.11E-03
    415000 -0.83E-02  0.94E-04  0.97E-04
    416000 -0.77E-02  0.92E-04  0.94E-04
    417000 -0.72E-02  0.80E-04  0.81E-04
    418000 -0.67E-02  0.76E-04  0.78E-04
    419000 -0.62E-02  0.75E-04  0.80E-04
    420000 -0.56E-02  0.71E-04  0.71E-04
    421000 -0.51E-02  0.64E-04  0.65E-04
    422000 -0.45E-02  0.63E-04  0.67E-04
    423000 -0.40E-02  0.59E-04  0.63E-04
    424000 -0.34E-02  0.59E-04  0.63E-04
    425000 -0.29E-02  0.57E-04  0.61E-04
    426000 -0.23E-02  0.54E-04  0.57E-04
    427000 -0.18E-02  0.47E-04  0.48E-04
    428000 -0.12E-02  0.46E-04  0.46E-04
    429000 -0.62E-03  0.42E-04  0.43E-04
    430000 -0.57E-04  0.41E-04  0.41E-04
    431000  0.51E-03  0.39E-04  0.40E-04
    432000  0.11E-02  0.38E-04  0.39E-04
    433000  0.17E-02  0.37E-04  0.37E-04
    434000  0.22E-02  0.36E-04  0.36E-04
    435000 -0.55E-02  0.89E-04  0.13E-03
    436000 -0.49E-02  0.68E-04  0.71E-04
    437000 -0.42E-02  0.64E-04  0.66E-04
    438000 -0.36E-02  0.59E-04  0.63E-04
    439000 -0.30E-02  0.55E-04  0.56E-04
    440000 -0.24E-02  0.57E-04  0.60E-04
    441000 -0.18E-02  0.53E-04  0.58E-04
    442000 -0.13E-02  0.49E-04  0.50E-04
    443000 -0.72E-03  0.47E-04  0.47E-04
    444000 -0.13E-03  0.43E-04  0.45E-04
    445000 -0.12E-01  0.23E-03  0.24E-03
    446000 -0.12E-01  0.16E-03  0.17E-03
    447000 -0.11E-01  0.13E-03  0.14E-03
    448000 -0.10E-01  0.12E-03  0.12E-03
    449000 -0.99E-02  0.11E-03  0.11E-03
    450000 -0.94E-02  0.96E-04  0.10E-03
    451000 -0.89E-02  0.86E-04  0.94E-04
    452000 -0.83E-02  0.78E-04  0.86E-04
    453000 -0.77E-02  0.73E-04  0.83E-04
    454000 -0.71E-02  0.68E-04  0.78E-04
    455000 -0.65E-02  0.64E-04  0.76E-04
    456000 -0.60E-02  0.62E-04  0.75E-04
    457000 -0.54E-02  0.60E-04  0.72E-04
    458000 -0.48E-02  0.56E-04  0.70E-04
    459000 -0.42E-02  0.53E-04  0.68E-04
    460000 -0.36E-02  0.51E-04  0.65E-04
    461000 -0.11E-01  0.16E-03  0.36E-03
    462000 -0.11E-01  0.11E-03  0.13E-03
    463000 -0.10E-01  0.10E-03  0.12E-03
    464000 -0.93E-02  0.92E-04  0.10E-03
    465000 -0.87E-02  0.94E-04  0.99E-04
    466000 -0.82E-02  0.81E-04  0.92E-04
    467000 -0.76E-02  0.76E-04  0.89E-04
    468000 -0.70E-02  0.69E-04  0.82E-04
    469000 -0.64E-02  0.64E-04  0.77E-04
    470000 -0.57E-02  0.64E-04  0.75E-04
    471000 -0.51E-02  0.59E-04  0.73E-04
    472000 -0.45E-02  0.59E-04  0.69E-04
    473000 -0.39E-02  0.57E-04  0.67E-04
    474000 -0.33E-02  0.52E-04  0.62E-04
    475000 -0.27E-02  0.52E-04  0.62E-04
    476000 -0.21E-02  0.48E-04  0.62E-04
    477000 -0.14E-02  0.46E-04  0.56E-04
    478000 -0.83E-03  0.46E-04  0.54E-04
    479000 -0.21E-03  0.43E-04  0.53E-04
    480000  0.40E-03  0.43E-04  0.50E-04
    481000  0.10E-02  0.42E-04  0.48E-04
    482000  0.16E-02  0.40E-04  0.49E-04
    483000  0.23E-02  0.38E-04  0.45E-04
    484000 -0.54E-02  0.94E-04  0.12E-03
    485000 -0.48E-02  0.61E-04  0.67E-04
    486000 -0.41E-02  0.57E-04  0.66E-04
    487000 -0.34E-02  0.53E-04  0.57E-04
    488000 -0.28E-02  0.55E-04  0.55E-04
    489000 -0.22E-02  0.50E-04  0.53E-04
    490000 -0.17E-02  0.48E-04  0.50E-04
    491000 -0.11E-02  0.44E-04  0.46E-04
    492000 -0.42E-03  0.41E-04  0.44E-04
    493000  0.21E-03  0.40E-04  0.42E-04
    494000  0.84E-03  0.38E-04  0.40E-04
    495000  0.15E-02  0.37E-04  0.38E-04
    496000  0.21E-02  0.36E-04  0.37E-04
    497000  0.27E-02  0.35E-04  0.36E-04
    498000  0.33E-02  0.33E-04  0.34E-04
    499000  0.39E-02  0.32E-04  0.33E-04
    500000  0.46E-02  0.31E-04  0.32E-04
    501000  0.52E-02  0.30E-04  0.31E-04
    502000  0.58E-02  0.29E-04  0.30E-04
    503000  0.64E-02  0.29E-04  0.29E-04
    504000  0.70E-02  0.28E-04  0.29E-04
    505000  0.76E-02  0.27E-04  0.28E-04
    506000  0.83E-02  0.26E-04  0.27E-04
    507000  0.89E-02  0.26E-04  0.26E-04
    508000  0.95E-02  0.25E-04  0.26E-04
    509000  0.10E-01  0.25E-04  0.25E-04
    510000  0.11E-01  0.24E-04  0.25E-04
    511000  0.11E-01  0.23E-04  0.24E-04
    512000  0.12E-01  0.23E-04  0.23E-04
    513000  0.13E-01  0.22E-04  0.23E-04
    514000  0.13E-01  0.22E-04  0.22E-04
    515000  0.14E-01  0.21E-04  0.22E-04
    516000  0.14E-01  0.21E-04  0.21E-04
    517000  0.15E-01  0.20E-04  0.21E-04
    518000  0.16E-01  0.20E-04  0.21E-04
    519000  0.16E-01  0.19E-04  0.20E-04
    520000  0.17E-01  0.19E-04  0.20E-04
    521000  0.17E-01  0.19E-04  0.20E-04
    522000  0.18E-01  0.19E-04  0.20E-04
    523000  0.19E-01  0.18E-04  0.20E-04
    524000  0.19E-01  0.18E-04  0.20E-04
    525000  0.20E-01  0.17E-04  0.19E-04
    526000  0.20E-01  0.17E-04  0.19E-04
    527000 -0.12E-01  0.17E-04  0.20E-04
    528000 -0.11E-01  0.22E-03  0.22E-03
    529000 -0.11E-01  0.15E-03  0.16E-03
    530000 -0.10E-01  0.13E-03  0.14E-03
    531000 -0.96E-02  0.10E-03  0.11E-03
    532000 -0.91E-02  0.97E-04  0.10E-03
    533000 -0.86E-02  0.88E-04  0.91E-04
    534000 -0.81E-02  0.82E-04  0.83E-04
    535000 -0.76E-02  0.73E-04  0.75E-04
    536000 -0.70E-02  0.69E-04  0.70E-04
    537000 -0.65E-02  0.66E-04  0.67E-04
    538000 -0.60E-02  0.61E-04  0.62E-04
    539000 -0.54E-02  0.59E-04  0.60E-04
    540000 -0.49E-02  0.56E-04  0.58E-04
    541000 -0.44E-02  0.51E-04  0.51E-04
    542000 -0.38E-02  0.48E-04  0.49E-04
    543000 -0.33E-02  0.46E-04  0.46E-04
    544000 -0.28E-02  0.45E-04  0.46E-04
    545000 -0.11E-01  0.14E-03  0.24E-03
    546000 -0.10E-01  0.11E-03  0.11E-03
    547000 -0.94E-02  0.93E-04  0.95E-04
    548000 -0.89E-02  0.84E-04  0.86E-04
    549000 -0.84E-02  0.82E-04  0.84E-04
    550000 -0.79E-02  0.74E-04  0.77E-04
    551000 -0.74E-02  0.72E-04  0.75E-04
    552000 -0.68E-02  0.65E-04  0.67E-04
    553000 -0.63E-02  0.64E-04  0.68E-04
    554000 -0.57E-02  0.61E-04  0.65E-04
    555000 -0.52E-02  0.58E-04  0.60E-04
    556000 -0.47E-02  0.53E-04  0.58E-04
    557000 -0.41E-02  0.53E-04  0.55E-04
    558000 -0.36E-02  0.53E-04  0.56E-04
    559000 -0.30E-02  0.49E-04  0.54E-04
    560000 -0.25E-02  0.49E-04  0.51E-04
    561000 -0.20E-02  0.49E-04  0.50E-04
    562000 -0.14E-02  0.46E-04  0.48E-04
    563000 -0.87E-03  0.42E-04  0.48E-04
    564000 -0.33E-03  0.40E-04  0.43E-04
    565000  0.22E-03  0.39E-04  0.41E-04
    566000 -0.76E-02  0.10E-03  0.10E-03
    567000 -0.70E-02  0.75E-04  0.81E-04
    568000 -0.64E-02  0.68E-04  0.74E-04
    569000 -0.58E-02  0.64E-04  0.68E-04
    570000 -0.52E-02  0.58E-04  0.61E-04
    571000 -0.47E-02  0.59E-04  0.60E-04
    572000 -0.41E-02  0.55E-04  0.57E-04
    573000 -0.36E-02  0.54E-04  0.57E-04
    574000 -0.31E-02  0.54E-04  0.56E-04
    575000 -0.25E-02  0.48E-04  0.50E-04
    576000 -0.19E-02  0.46E-04  0.47E-04
    577000 -0.14E-02  0.46E-04  0.48E-04
    578000 -0.78E-03  0.44E-04  0.48E-04
    579000 -0.19E-03  0.41E-04  0.44E-04
    580000  0.39E-03  0.44E-04  0.46E-04
    581000  0.98E-03  0.44E-04  0.46E-04
    582000  0.16E-02  0.42E-04  0.46E-04
    583000  0.22E-02  0.38E-04  0.41E-04
    584000  0.28E-02  0.39E-04  0.41E-04
    585000  0.34E-02  0.36E-04  0.39E-04
    586000  0.40E-02  0.38E-04  0.40E-04
    587000  0.46E-02  0.39E-04  0.40E-04
    588000  0.52E-02  0.32E-04  0.33E-04
    589000  0.58E-02  0.32E-04  0.34E-04
    590000  0.64E-02  0.29E-04  0.33E-04
    591000  0.70E-02  0.28E-04  0.32E-04
    592000  0.76E-02  0.27E-04  0.32E-04
    593000  0.83E-02  0.27E-04  0.31E-04
    594000  0.89E-02  0.26E-04  0.30E-04
    595000  0.95E-02  0.25E-04  0.31E-04
    596000  0.10E-01  0.25E-04  0.31E-04
    597000  0.11E-01  0.24E-04  0.32E-04
    598000  0.11E-01  0.23E-04  0.32E-04
    599000  0.12E-01  0.23E-04  0.32E-04
    600000  0.43E-02  0.86E-04  0.11E-03
    601000  0.50E-02  0.36E-04  0.53E-04
    602000  0.57E-02  0.35E-04  0.57E-04
    603000  0.63E-02  0.33E-04  0.53E-04
    604000  0.70E-02  0.35E-04  0.57E-04
    605000  0.77E-02  0.33E-04  0.55E-04
    606000  0.83E-02  0.32E-04  0.57E-04
    607000  0.89E-02  0.30E-04  0.56E-04
    608000  0.95E-02  0.31E-04  0.55E-04
    609000  0.10E-01  0.34E-04  0.54E-04
    610000  0.11E-01  0.32E-04  0.54E-04
    611000 -0.15E-01  0.23E-03  0.24E-03
    612000 -0.14E-01  0.16E-03  0.18E-03
    613000 -0.13E-01  0.14E-03  0.15E-03
    614000 -0.13E-01  0.11E-03  0.14E-03
    615000 -0.12E-01  0.11E-03  0.13E-03
    616000 -0.12E-01  0.98E-04  0.12E-03
    617000 -0.11E-01  0.92E-04  0.11E-03
    618000 -0.11E-01  0.82E-04  0.11E-03
    619000 -0.10E-01  0.74E-04  0.99E-04
    620000 -0.94E-02  0.69E-04  0.92E-04
    621000 -0.89E-02  0.66E-04  0.89E-04
    622000 -0.83E-02  0.63E-04  0.84E-04
    623000 -0.77E-02  0.59E-04  0.79E-04
    624000 -0.71E-02  0.57E-04  0.74E-04
    625000 -0.65E-02  0.53E-04  0.70E-04
    626000 -0.59E-02  0.50E-04  0.67E-04
    627000 -0.53E-02  0.49E-04  0.63E-04
    628000 -0.13E-01  0.17E-03  0.33E-03
    629000 -0.12E-01  0.11E-03  0.12E-03
    630000 -0.12E-01  0.10E-03  0.11E-03
    631000 -0.11E-01  0.87E-04  0.94E-04
    632000 -0.10E-01  0.84E-04  0.88E-04
    633000 -0.99E-02  0.78E-04  0.81E-04
    634000 -0.93E-02  0.72E-04  0.76E-04
    635000 -0.88E-02  0.67E-04  0.73E-04
    636000 -0.81E-02  0.63E-04  0.69E-04
    637000 -0.75E-02  0.62E-04  0.66E-04
    638000 -0.69E-02  0.58E-04  0.62E-04
    639000 -0.63E-02  0.57E-04  0.60E-04
    640000 -0.57E-02  0.55E-04  0.58E-04
    641000 -0.51E-02  0.51E-04  0.55E-04
    642000 -0.45E-02  0.50E-04  0.51E-04
    643000 -0.39E-02  0.46E-04  0.50E-04
    644000 -0.33E-02  0.47E-04  0.54E-04
    645000 -0.27E-02  0.44E-04  0.48E-04
    646000 -0.20E-02  0.43E-04  0.45E-04
    647000 -0.14E-02  0.40E-04  0.45E-04
    648000 -0.84E-03  0.41E-04  0.43E-04
    649000 -0.86E-02  0.85E-04  0.14E-03
    650000 -0.80E-02  0.68E-04  0.70E-04
    651000 -0.73E-02  0.63E-04  0.64E-04
    652000 -0.66E-02  0.57E-04  0.58E-04
    653000 -0.60E-02  0.52E-04  0.53E-04
    654000 -0.54E-02  0.56E-04  0.57E-04
    655000 -0.49E-02  0.50E-04  0.52E-04
    656000 -0.43E-02  0.47E-04  0.48E-04
    657000 -0.37E-02  0.43E-04  0.45E-04
    658000 -0.31E-02  0.42E-04  0.44E-04
    659000 -0.24E-02  0.40E-04  0.41E-04
    660000 -0.18E-02  0.37E-04  0.39E-04
    661000 -0.12E-02  0.36E-04  0.39E-04
    662000 -0.65E-03  0.35E-04  0.38E-04
    663000 -0.60E-04  0.34E-04  0.36E-04
    664000  0.54E-03  0.33E-04  0.35E-04
    665000  0.11E-02  0.31E-04  0.34E-04
    666000  0.17E-02  0.30E-04  0.33E-04
    667000  0.23E-02  0.30E-04  0.32E-04
    668000  0.29E-02  0.29E-04  0.31E-04
    669000  0.35E-02  0.28E-04  0.30E-04
    670000  0.41E-02  0.27E-04  0.29E-04
    671000  0.47E-02  0.26E-04  0.28E-04
    672000  0.53E-02  0.26E-04  0.27E-04
    673000  0.58E-02  0.25E-04  0.27E-04
    674000  0.64E-02  0.24E-04  0.26E-04
    675000  0.70E-02  0.24E-04  0.25E-04
    676000  0.76E-02  0.23E-04  0.25E-04
    677000  0.82E-02  0.23E-04  0.24E-04
    678000  0.88E-02  0.22E-04  0.23E-04
    679000  0.93E-02  0.22E-04  0.23E-04
    680000  0.99E-02  0.21E-04  0.22E-04
    681000  0.10E-01  0.21E-04  0.22E-04
    682000  0.11E-01  0.20E-04  0.22E-04
    683000  0.12E-01  0.20E-04  0.21E-04
    684000  0.12E-01  0.19E-04  0.21E-04
    685000  0.13E-01  0.19E-04  0.20E-04
    686000 -0.16E-01  0.21E-03  0.22E-03
    687000 -0.16E-01  0.15E-03  0.16E-03
    688000 -0.15E-01  0.12E-03  0.13E-03
    689000 -0.15E-01  0.11E-03  0.12E-03
    690000 -0.14E-01  0.99E-04  0.10E-03
    691000 -0.14E-01  0.92E-04  0.94E-04
    692000 -0.13E-01  0.83E-04  0.85E-04
    693000 -0.13E-01  0.76E-04  0.77E-04
    694000 -0.12E-01  0.69E-04  0.71E-04
    695000 -0.12E-01  0.65E-04  0.67E-04
    696000 -0.11E-01  0.61E-04  0.62E-04
    697000 -0.11E-01  0.58E-04  0.59E-04
    698000 -0.10E-01  0.56E-04  0.56E-04
    699000 -0.95E-02  0.53E-04  0.55E-04
    700000 -0.89E-02  0.51E-04  0.52E-04
    701000 -0.84E-02  0.48E-04  0.49E-04
    702000 -0.79E-02  0.45E-04  0.46E-04
    703000 -0.74E-02  0.44E-04  0.44E-04
    704000 -0.15E-01  0.13E-03  0.23E-03
    705000 -0.15E-01  0.11E-03  0.11E-03
    706000 -0.14E-01  0.95E-04  0.97E-04
    707000 -0.14E-01  0.86E-04  0.88E-04
    708000 -0.13E-01  0.80E-04  0.84E-04
    709000 -0.13E-01  0.82E-04  0.84E-04
    710000 -0.12E-01  0.72E-04  0.74E-04
    711000 -0.11E-01  0.65E-04  0.66E-04
    712000 -0.11E-01  0.60E-04  0.61E-04
    713000 -0.10E-01  0.57E-04  0.58E-04
    714000 -0.98E-02  0.54E-04  0.55E-04
    715000 -0.93E-02  0.52E-04  0.53E-04
    716000 -0.88E-02  0.49E-04  0.50E-04
    717000 -0.82E-02  0.47E-04  0.48E-04
    718000 -0.77E-02  0.45E-04  0.46E-04
    719000 -0.71E-02  0.43E-04  0.44E-04
    720000 -0.66E-02  0.44E-04  0.45E-04
    721000 -0.60E-02  0.43E-04  0.44E-04
    722000 -0.55E-02  0.42E-04  0.44E-04
    723000 -0.49E-02  0.42E-04  0.43E-04
    724000 -0.43E-02  0.40E-04  0.43E-04
    725000 -0.38E-02  0.39E-04  0.42E-04
    726000 -0.32E-02  0.38E-04  0.39E-04
    727000 -0.26E-02  0.37E-04  0.38E-04
    728000 -0.10E-01  0.85E-04  0.11E-03
    729000 -0.97E-02  0.62E-04  0.66E-04
    730000 -0.92E-02  0.57E-04  0.58E-04
    731000 -0.85E-02  0.53E-04  0.55E-04
    732000 -0.80E-02  0.55E-04  0.58E-04
    733000 -0.74E-02  0.51E-04  0.54E-04
    734000 -0.69E-02  0.48E-04  0.49E-04
    735000 -0.63E-02  0.44E-04  0.48E-04
    736000 -0.57E-02  0.42E-04  0.46E-04
    737000 -0.51E-02  0.40E-04  0.42E-04
    738000 -0.44E-02  0.39E-04  0.43E-04
    739000 -0.38E-02  0.37E-04  0.45E-04
    740000 -0.32E-02  0.36E-04  0.46E-04
    741000 -0.26E-02  0.35E-04  0.47E-04
    742000 -0.20E-02  0.34E-04  0.51E-04
    743000 -0.14E-02  0.33E-04  0.49E-04
    744000 -0.80E-03  0.32E-04  0.49E-04
    745000 -0.19E-03  0.31E-04  0.50E-04
    746000  0.42E-03  0.30E-04  0.50E-04
    747000  0.10E-02  0.29E-04  0.50E-04
    748000  0.17E-02  0.28E-04  0.49E-04
    749000  0.23E-02  0.28E-04  0.49E-04
    750000  0.29E-02  0.27E-04  0.49E-04
    751000  0.35E-02  0.26E-04  0.49E-04
    752000  0.41E-02  0.31E-04  0.52E-04
    753000 -0.18E-01  0.23E-03  0.24E-03
    754000 -0.18E-01  0.15E-03  0.19E-03
    755000 -0.17E-01  0.14E-03  0.16E-03
    756000 -0.16E-01  0.12E-03  0.15E-03
    757000 -0.16E-01  0.11E-03  0.13E-03
    758000 -0.15E-01  0.95E-04  0.12E-03
    759000 -0.15E-01  0.91E-04  0.11E-03
    760000 -0.14E-01  0.79E-04  0.11E-03
    761000 -0.14E-01  0.74E-04  0.97E-04
    762000 -0.13E-01  0.69E-04  0.94E-04
    763000 -0.13E-01  0.67E-04  0.92E-04
    764000 -0.12E-01  0.65E-04  0.86E-04
    765000 -0.11E-01  0.60E-04  0.79E-04
    766000 -0.11E-01  0.56E-04  0.78E-04
    767000 -0.10E-01  0.54E-04  0.74E-04
    768000 -0.96E-02  0.53E-04  0.69E-04
    769000 -0.90E-02  0.51E-04  0.69E-04
    770000 -0.17E-01  0.13E-03  0.27E-03
    771000 -0.16E-01  0.11E-03  0.14E-03
    772000 -0.15E-01  0.97E-04  0.11E-03
    773000 -0.15E-01  0.87E-04  0.10E-03
    774000 -0.14E-01  0.84E-04  0.94E-04
    775000 -0.14E-01  0.83E-04  0.94E-04
    776000 -0.13E-01  0.73E-04  0.84E-04
    777000 -0.13E-01  0.65E-04  0.75E-04
    778000 -0.12E-01  0.64E-04  0.75E-04
    779000 -0.11E-01  0.60E-04  0.72E-04
    780000 -0.11E-01  0.58E-04  0.67E-04
    781000 -0.10E-01  0.55E-04  0.64E-04
    782000 -0.95E-02  0.53E-04  0.60E-04
    783000 -0.89E-02  0.51E-04  0.58E-04
    784000 -0.83E-02  0.49E-04  0.56E-04
    785000 -0.76E-02  0.46E-04  0.53E-04
    786000 -0.70E-02  0.44E-04  0.50E-04
    787000 -0.64E-02  0.44E-04  0.47E-04
    788000 -0.58E-02  0.40E-04  0.45E-04
    789000 -0.52E-02  0.39E-04  0.44E-04
    790000 -0.46E-02  0.38E-04  0.41E-04
    791000 -0.40E-02  0.37E-04  0.40E-04
    792000 -0.34E-02  0.36E-04  0.38E-04
    793000 -0.28E-02  0.34E-04  0.36E-04
    794000 -0.22E-02  0.33E-04  0.35E-04
    795000 -0.10E-01  0.97E-04  0.12E-03
    796000 -0.93E-02  0.55E-04  0.61E-04
    797000 -0.86E-02  0.51E-04  0.52E-04
    798000 -0.80E-02  0.46E-04  0.47E-04
    799000 -0.74E-02  0.49E-04  0.54E-04
    800000 -0.69E-02  0.48E-04  0.51E-04
    801000 -0.63E-02  0.43E-04  0.43E-04
    802000 -0.57E-02  0.41E-04  0.41E-04
    803000 -0.50E-02  0.38E-04  0.38E-04
    804000 -0.44E-02  0.36E-04  0.36E-04
    805000 -0.38E-02  0.34E-04  0.35E-04
    806000 -0.32E-02  0.34E-04  0.35E-04
    807000 -0.26E-02  0.36E-04  0.44E-04
    808000 -0.20E-02  0.32E-04  0.33E-04
    809000 -0.14E-02  0.31E-04  0.31E-04
    810000 -0.78E-03  0.29E-04  0.30E-04
    811000 -0.19E-03  0.28E-04  0.29E-04
    812000  0.40E-03  0.28E-04  0.28E-04
    813000  0.99E-03  0.27E-04  0.27E-04
    814000  0.16E-02  0.28E-04  0.29E-04
    815000  0.22E-02  0.26E-04  0.27E-04
    816000  0.28E-02  0.25E-04  0.26E-04
    817000  0.34E-02  0.24E-04  0.26E-04
    818000  0.39E-02  0.23E-04  0.25E-04
    819000  0.45E-02  0.23E-04  0.27E-04
    820000  0.51E-02  0.22E-04  0.24E-04
    821000  0.57E-02  0.22E-04  0.23E-04
    822000  0.63E-02  0.21E-04  0.23E-04
    823000  0.68E-02  0.21E-04  0.22E-04
    824000  0.74E-02  0.20E-04  0.22E-04
    825000  0.80E-02  0.20E-04  0.22E-04
    826000  0.86E-02  0.19E-04  0.22E-04
    827000  0.91E-02  0.19E-04  0.21E-04
    828000  0.97E-02  0.19E-04  0.21E-04
    829000  0.10E-01  0.18E-04  0.21E-04
    830000  0.11E-01  0.18E-04  0.20E-04
    831000  0.11E-01  0.18E-04  0.20E-04
    832000  0.12E-01  0.17E-04  0.21E-04
    833000  0.13E-01  0.17E-04  0.19E-04
    834000  0.13E-01  0.17E-04  0.19E-04
    835000  0.14E-01  0.16E-04  0.19E-04
    836000 -0.18E-01  0.16E-04  0.18E-04
    837000 -0.18E-01  0.21E-03  0.21E-03
    838000 -0.17E-01  0.14E-03  0.16E-03
    839000 -0.17E-01  0.11E-03  0.12E-03
    840000 -0.16E-01  0.10E-03  0.11E-03
    841000 -0.16E-01  0.96E-04  0.98E-04
    842000 -0.15E-01  0.86E-04  0.89E-04
    843000 -0.15E-01  0.80E-04  0.83E-04
    844000 -0.14E-01  0.76E-04  0.78E-04
    845000 -0.14E-01  0.70E-04  0.72E-04
    846000 -0.13E-01  0.67E-04  0.69E-04
    847000 -0.13E-01  0.63E-04  0.65E-04
    848000 -0.12E-01  0.60E-04  0.64E-04
    849000 -0.12E-01  0.57E-04  0.58E-04
    850000 -0.11E-01  0.54E-04  0.55E-04
    851000 -0.10E-01  0.52E-04  0.54E-04
    852000 -0.10E-01  0.51E-04  0.53E-04
    853000 -0.94E-02  0.49E-04  0.50E-04
    854000 -0.89E-02  0.48E-04  0.50E-04
    855000 -0.17E-01  0.13E-03  0.22E-03
    856000 -0.16E-01  0.10E-03  0.11E-03
    857000 -0.16E-01  0.89E-04  0.93E-04
    858000 -0.15E-01  0.81E-04  0.83E-04
    859000 -0.15E-01  0.79E-04  0.83E-04
    860000 -0.14E-01  0.73E-04  0.78E-04
    861000 -0.14E-01  0.70E-04  0.75E-04
    862000 -0.13E-01  0.65E-04  0.68E-04
    863000 -0.12E-01  0.64E-04  0.67E-04
    864000 -0.12E-01  0.68E-04  0.70E-04
    865000 -0.11E-01  0.63E-04  0.66E-04
    866000 -0.11E-01  0.59E-04  0.66E-04
    867000 -0.10E-01  0.57E-04  0.62E-04
    868000 -0.97E-02  0.53E-04  0.59E-04
    869000 -0.91E-02  0.52E-04  0.60E-04
    870000 -0.86E-02  0.53E-04  0.56E-04
    871000 -0.80E-02  0.49E-04  0.53E-04
    872000 -0.74E-02  0.47E-04  0.52E-04
    873000 -0.69E-02  0.43E-04  0.47E-04
    874000 -0.63E-02  0.44E-04  0.48E-04
    875000 -0.57E-02  0.43E-04  0.45E-04
    876000 -0.52E-02  0.40E-04  0.44E-04
    877000 -0.13E-01  0.90E-04  0.11E-03
    878000 -0.12E-01  0.70E-04  0.81E-04
    879000 -0.12E-01  0.62E-04  0.65E-04
    880000 -0.11E-01  0.58E-04  0.59E-04
    881000 -0.11E-01  0.54E-04  0.56E-04
    882000 -0.99E-02  0.56E-04  0.57E-04
    883000 -0.94E-02  0.52E-04  0.53E-04
    884000 -0.88E-02  0.49E-04  0.54E-04
    885000 -0.82E-02  0.45E-04  0.54E-04
    886000 -0.76E-02  0.47E-04  0.56E-04
    887000 -0.70E-02  0.42E-04  0.50E-04
    888000 -0.64E-02  0.40E-04  0.52E-04
    889000 -0.58E-02  0.40E-04  0.51E-04
    890000 -0.52E-02  0.38E-04  0.53E-04
    891000 -0.46E-02  0.38E-04  0.53E-04
    892000 -0.40E-02  0.35E-04  0.50E-04
    893000 -0.33E-02  0.37E-04  0.51E-04
    894000 -0.27E-02  0.36E-04  0.51E-04
    895000 -0.21E-02  0.33E-04  0.51E-04
    896000 -0.15E-02  0.33E-04  0.52E-04
    897000 -0.87E-03  0.32E-04  0.52E-04
    898000 -0.25E-03  0.30E-04  0.51E-04
    899000  0.37E-03  0.32E-04  0.53E-04
    900000  0.99E-03  0.30E-04  0.51E-04
    901000  0.16E-02  0.28E-04  0.49E-04
    902000  0.22E-02  0.27E-04  0.48E-04
    903000  0.29E-02  0.31E-04  0.49E-04
    904000  0.35E-02  0.27E-04  0.50E-04
    905000  0.41E-02  0.28E-04  0.51E-04
    906000  0.48E-02  0.30E-04  0.47E-04
    907000  0.54E-02  0.25E-04  0.45E-04
    908000  0.60E-02  0.25E-04  0.49E-04
    909000  0.67E-02  0.25E-04  0.47E-04
    910000  0.73E-02  0.27E-04  0.45E-04
    911000  0.79E-02  0.24E-04  0.44E-04
    912000  0.86E-02  0.23E-04  0.42E-04
    913000  0.92E-02  0.22E-04  0.41E-04
    914000  0.99E-02  0.21E-04  0.39E-04
    915000  0.11E-01  0.21E-04  0.38E-04
    916000  0.27E-02  0.92E-04  0.22E-03
    917000  0.34E-02  0.29E-04  0.59E-04
    918000  0.42E-02  0.29E-04  0.53E-04
    919000  0.47E-02  0.27E-04  0.53E-04
    920000  0.54E-02  0.28E-04  0.51E-04
    921000 -0.20E-01  0.27E-04  0.53E-04
    922000 -0.19E-01  0.23E-03  0.25E-03
    923000 -0.19E-01  0.15E-03  0.17E-03
    924000 -0.18E-01  0.13E-03  0.15E-03
    925000 -0.18E-01  0.11E-03  0.13E-03
    926000 -0.17E-01  0.11E-03  0.12E-03
    927000 -0.17E-01  0.91E-04  0.11E-03
    928000 -0.16E-01  0.84E-04  0.10E-03
    929000 -0.15E-01  0.77E-04  0.95E-04
    930000 -0.15E-01  0.74E-04  0.85E-04
    931000 -0.14E-01  0.70E-04  0.85E-04
    932000 -0.14E-01  0.69E-04  0.81E-04
    933000 -0.13E-01  0.61E-04  0.69E-04
    934000 -0.13E-01  0.59E-04  0.68E-04
    935000 -0.12E-01  0.57E-04  0.62E-04
    936000 -0.11E-01  0.54E-04  0.60E-04
    937000 -0.11E-01  0.51E-04  0.56E-04
    938000 -0.19E-01  0.14E-03  0.24E-03
    939000 -0.18E-01  0.11E-03  0.12E-03
    940000 -0.17E-01  0.10E-03  0.10E-03
    941000 -0.17E-01  0.91E-04  0.93E-04
    942000 -0.16E-01  0.89E-04  0.92E-04
    943000 -0.16E-01  0.80E-04  0.83E-04
    944000 -0.15E-01  0.76E-04  0.80E-04
    945000 -0.14E-01  0.67E-04  0.68E-04
    946000 -0.14E-01  0.66E-04  0.69E-04
    947000 -0.13E-01  0.63E-04  0.70E-04
    948000 -0.13E-01  0.63E-04  0.64E-04
    949000 -0.12E-01  0.57E-04  0.59E-04
    950000 -0.11E-01  0.55E-04  0.59E-04
    951000 -0.11E-01  0.54E-04  0.59E-04
    952000 -0.10E-01  0.46E-04  0.49E-04
    953000 -0.97E-02  0.47E-04  0.50E-04
    954000 -0.91E-02  0.44E-04  0.48E-04
    955000 -0.85E-02  0.44E-04  0.49E-04
    956000 -0.79E-02  0.44E-04  0.46E-04
    957000 -0.73E-02  0.43E-04  0.46E-04
    958000 -0.68E-02  0.42E-04  0.47E-04
    959000 -0.62E-02  0.40E-04  0.41E-04
    960000 -0.14E-01  0.86E-04  0.11E-03
    961000 -0.13E-01  0.62E-04  0.66E-04
    962000 -0.13E-01  0.56E-04  0.60E-04
    963000 -0.12E-01  0.53E-04  0.56E-04
    964000 -0.12E-01  0.53E-04  0.66E-04
    965000 -0.11E-01  0.50E-04  0.52E-04
    966000 -0.11E-01  0.53E-04  0.89E-04
    967000 -0.10E-01  0.45E-04  0.47E-04
    968000 -0.94E-02  0.45E-04  0.49E-04
    969000 -0.88E-02  0.43E-04  0.46E-04
    970000 -0.82E-02  0.43E-04  0.47E-04
    971000 -0.77E-02  0.41E-04  0.44E-04
    972000 -0.71E-02  0.39E-04  0.41E-04
    973000 -0.66E-02  0.40E-04  0.42E-04
    974000 -0.60E-02  0.36E-04  0.38E-04
    975000 -0.54E-02  0.36E-04  0.39E-04
    976000 -0.49E-02  0.34E-04  0.35E-04
    977000 -0.43E-02  0.30E-04  0.32E-04
    978000 -0.38E-02  0.35E-04  0.37E-04
    979000 -0.32E-02  0.30E-04  0.32E-04
    980000 -0.22E-01  0.28E-04  0.30E-04
    981000 -0.22E-01  0.21E-03  0.22E-03
    982000 -0.21E-01  0.14E-03  0.15E-03
    983000 -0.21E-01  0.11E-03  0.12E-03
    984000 -0.20E-01  0.10E-03  0.10E-03
    985000 -0.20E-01  0.97E-04  0.99E-04
    986000 -0.19E-01  0.86E-04  0.89E-04
    987000 -0.19E-01  0.79E-04  0.80E-04
    988000 -0.18E-01  0.72E-04  0.74E-04
    989000 -0.18E-01  0.71E-04  0.72E-04
    990000 -0.17E-01  0.63E-04  0.64E-04
    991000 -0.17E-01  0.61E-04  0.62E-04
    992000 -0.16E-01  0.57E-04  0.57E-04
    993000 -0.16E-01  0.56E-04  0.57E-04
    994000 -0.15E-01  0.52E-04  0.52E-04
    995000 -0.15E-01  0.50E-04  0.51E-04
    996000 -0.14E-01  0.48E-04  0.50E-04
    997000 -0.13E-01  0.47E-04  0.50E-04
    998000 -0.21E-01  0.14E-03  0.30E-03
    999000 -0.21E-01  0.11E-03  0.12E-03
   1000000 -0.20E-01  0.99E-04  0.10E-03
   1001000 -0.20E-01  0.87E-04  0.89E-04
   1002000 -0.19E-01  0.88E-04  0.91E-04
   1003000 -0.19E-01  0.81E-04  0.85E-04
   1004000 -0.18E-01  0.83E-04  0.89E-04
   1005000 -0.18E-01  0.66E-04  0.68E-04
   1006000 -0.17E-01  0.66E-04  0.69E-04
   1007000 -0.17E-01  0.63E-04  0.67E-04
   1008000 -0.16E-01  0.60E-04  0.61E-04
   1009000 -0.16E-01  0.60E-04  0.65E-04
   1010000 -0.15E-01  0.54E-04  0.58E-04
   1011000 -0.14E-01  0.54E-04  0.56E-04
   1012000 -0.14E-01  0.53E-04  0.54E-04
   1013000 -0.13E-01  0.51E-04  0.55E-04
   1014000 -0.13E-01  0.50E-04  0.53E-04
   1015000 -0.12E-01  0.48E-04  0.49E-04
   1016000 -0.12E-01  0.43E-04  0.46E-04
   1017000 -0.11E-01  0.44E-04  0.47E-04
   1018000 -0.11E-01  0.43E-04  0.43E-04
   1019000 -0.18E-01  0.11E-03  0.12E-03
   1020000 -0.18E-01  0.74E-04  0.79E-04
   1021000 -0.17E-01  0.71E-04  0.72E-04
   1022000 -0.17E-01  0.67E-04  0.70E-04
   1023000 -0.16E-01  0.60E-04  0.62E-04
   1024000 -0.15E-01  0.61E-04  0.62E-04
   1025000 -0.15E-01  0.57E-04  0.58E-04
   1026000 -0.14E-01  0.54E-04  0.55E-04
   1027000 -0.14E-01  0.51E-04  0.51E-04
   1028000 -0.13E-01  0.50E-04  0.51E-04
   1029000 -0.13E-01  0.49E-04  0.51E-04
   1030000 -0.12E-01  0.46E-04  0.49E-04
   1031000 -0.11E-01  0.42E-04  0.45E-04
   1032000 -0.11E-01  0.40E-04  0.45E-04
   1033000 -0.10E-01  0.40E-04  0.48E-04
   1034000 -0.95E-02  0.39E-04  0.47E-04
   1035000 -0.24E-01  0.37E-04  0.47E-04
   1036000 -0.24E-01  0.23E-03  0.24E-03
   1037000 -0.23E-01  0.15E-03  0.16E-03
   1038000 -0.23E-01  0.12E-03  0.13E-03
   1039000 -0.22E-01  0.11E-03  0.12E-03
   1040000 -0.22E-01  0.10E-03  0.11E-03
   1041000 -0.21E-01  0.92E-04  0.10E-03
   1042000 -0.20E-01  0.84E-04  0.97E-04
   1043000 -0.20E-01  0.78E-04  0.91E-04
   1044000 -0.19E-01  0.74E-04  0.89E-04
   1045000 -0.19E-01  0.69E-04  0.83E-04
   1046000 -0.18E-01  0.63E-04  0.77E-04
   1047000 -0.18E-01  0.62E-04  0.75E-04
   1048000 -0.17E-01  0.58E-04  0.72E-04
   1049000 -0.16E-01  0.54E-04  0.69E-04
   1050000 -0.16E-01  0.50E-04  0.64E-04
   1051000 -0.15E-01  0.48E-04  0.62E-04
   1052000 -0.23E-01  0.34E-03  0.71E-03
   1053000 -0.23E-01  0.13E-03  0.14E-03
   1054000 -0.22E-01  0.99E-04  0.11E-03
   1055000 -0.21E-01  0.90E-04  0.10E-03
   1056000 -0.20E-01  0.90E-04  0.94E-04
   1057000 -0.20E-01  0.90E-04  0.94E-04
   1058000 -0.19E-01  0.76E-04  0.88E-04
   1059000 -0.19E-01  0.70E-04  0.79E-04
   1060000 -0.18E-01  0.69E-04  0.76E-04
   1061000 -0.18E-01  0.62E-04  0.73E-04
   1062000 -0.17E-01  0.58E-04  0.68E-04
   1063000 -0.16E-01  0.59E-04  0.66E-04
   1064000 -0.16E-01  0.54E-04  0.64E-04
   1065000 -0.15E-01  0.50E-04  0.59E-04
   1066000 -0.15E-01  0.46E-04  0.55E-04
   1067000 -0.14E-01  0.44E-04  0.52E-04
   1068000 -0.13E-01  0.42E-04  0.50E-04
   1069000 -0.13E-01  0.40E-04  0.48E-04
   1070000 -0.12E-01  0.39E-04  0.46E-04
   1071000 -0.12E-01  0.38E-04  0.44E-04
   1072000 -0.11E-01  0.36E-04  0.42E-04
   1073000 -0.10E-01  0.35E-04  0.40E-04
   1074000 -0.97E-02  0.35E-04  0.39E-04
   1075000 -0.18E-01  0.97E-04  0.16E-03
   1076000 -0.17E-01  0.59E-04  0.68E-04
   1077000 -0.16E-01  0.58E-04  0.64E-04
   1078000 -0.16E-01  0.53E-04  0.55E-04
   1079000 -0.15E-01  0.55E-04  0.56E-04
   1080000 -0.14E-01  0.58E-04  0.62E-04
   1081000 -0.14E-01  0.48E-04  0.50E-04
   1082000 -0.13E-01  0.43E-04  0.44E-04
   1083000 -0.13E-01  0.45E-04  0.47E-04
   1084000 -0.12E-01  0.42E-04  0.44E-04
   1085000 -0.11E-01  0.41E-04  0.44E-04
   1086000 -0.11E-01  0.38E-04  0.40E-04
   1087000 -0.10E-01  0.38E-04  0.40E-04
   1088000 -0.95E-02  0.34E-04  0.36E-04
   1089000 -0.89E-02  0.36E-04  0.37E-04
   1090000 -0.83E-02  0.34E-04  0.34E-04
   1091000 -0.76E-02  0.34E-04  0.36E-04
   1092000 -0.70E-02  0.31E-04  0.32E-04
   1093000 -0.64E-02  0.30E-04  0.33E-04
   1094000 -0.58E-02  0.29E-04  0.30E-04
   1095000 -0.52E-02  0.28E-04  0.30E-04
   1096000 -0.46E-02  0.28E-04  0.29E-04
   1097000 -0.40E-02  0.27E-04  0.28E-04
   1098000 -0.34E-02  0.26E-04  0.27E-04
   1099000 -0.28E-02  0.25E-04  0.26E-04
   1100000 -0.22E-02  0.25E-04  0.27E-04
   1101000 -0.16E-02  0.26E-04  0.27E-04
   1102000 -0.95E-03  0.23E-04  0.24E-04
   1103000 -0.35E-03  0.25E-04  0.34E-04
   1104000  0.25E-03  0.23E-04  0.23E-04
   1105000 -0.25E-01  0.22E-03  0.23E-03
   1106000 -0.24E-01  0.15E-03  0.15E-03
   1107000 -0.24E-01  0.13E-03  0.14E-03
   1108000 -0.23E-01  0.11E-03  0.12E-03
   1109000 -0.23E-01  0.99E-04  0.10E-03
   1110000 -0.22E-01  0.95E-04  0.99E-04
   1111000 -0.22E-01  0.88E-04  0.92E-04
   1112000 -0.21E-01  0.77E-04  0.80E-04
   1113000 -0.21E-01  0.73E-04  0.74E-04
   1114000 -0.20E-01  0.65E-04  0.66E-04
   1115000 -0.20E-01  0.63E-04  0.64E-04
   1116000 -0.19E-01  0.62E-04  0.65E-04
   1117000 -0.19E-01  0.56E-04  0.57E-04
   1118000 -0.18E-01  0.51E-04  0.53E-04
   1119000 -0.18E-01  0.52E-04  0.54E-04
   1120000 -0.17E-01  0.49E-04  0.51E-04
   1121000 -0.17E-01  0.47E-04  0.50E-04
   1122000 -0.16E-01  0.46E-04  0.47E-04
   1123000 -0.24E-01  0.12E-03  0.24E-03
   1124000 -0.23E-01  0.98E-04  0.10E-03
   1125000 -0.23E-01  0.89E-04  0.93E-04
   1126000 -0.22E-01  0.81E-04  0.83E-04
   1127000 -0.22E-01  0.76E-04  0.78E-04
   1128000 -0.21E-01  0.73E-04  0.75E-04
   1129000 -0.21E-01  0.71E-04  0.73E-04
   1130000 -0.20E-01  0.65E-04  0.70E-04
   1131000 -0.20E-01  0.61E-04  0.65E-04
   1132000 -0.19E-01  0.59E-04  0.62E-04
   1133000 -0.19E-01  0.57E-04  0.63E-04
   1134000 -0.18E-01  0.53E-04  0.55E-04
   1135000 -0.18E-01  0.48E-04  0.49E-04
   1136000 -0.17E-01  0.45E-04  0.46E-04
   1137000 -0.17E-01  0.43E-04  0.44E-04
   1138000 -0.16E-01  0.43E-04  0.43E-04
   1139000 -0.16E-01  0.44E-04  0.47E-04
   1140000 -0.15E-01  0.44E-04  0.45E-04
   1141000 -0.15E-01  0.42E-04  0.52E-04
   1142000 -0.14E-01  0.38E-04  0.40E-04
   1143000 -0.14E-01  0.35E-04  0.36E-04
   1144000 -0.13E-01  0.34E-04  0.35E-04
   1145000 -0.13E-01  0.33E-04  0.34E-04
   1146000 -0.20E-01  0.81E-04  0.10E-03
   1147000 -0.20E-01  0.62E-04  0.69E-04
   1148000 -0.19E-01  0.59E-04  0.60E-04
   1149000 -0.19E-01  0.57E-04  0.58E-04
   1150000 -0.18E-01  0.55E-04  0.60E-04
   1151000 -0.18E-01  0.54E-04  0.56E-04
   1152000 -0.17E-01  0.52E-04  0.55E-04
   1153000 -0.17E-01  0.49E-04  0.51E-04
   1154000 -0.16E-01  0.52E-04  0.55E-04
   1155000 -0.16E-01  0.42E-04  0.45E-04
   1156000 -0.15E-01  0.45E-04  0.48E-04
   1157000 -0.14E-01  0.41E-04  0.43E-04
   1158000 -0.14E-01  0.38E-04  0.39E-04
   1159000 -0.13E-01  0.41E-04  0.44E-04
   1160000 -0.13E-01  0.40E-04  0.43E-04
   1161000 -0.12E-01  0.39E-04  0.44E-04
   1162000 -0.12E-01  0.35E-04  0.42E-04
   1163000 -0.27E-01  0.22E-03  0.23E-03
   1164000 -0.27E-01  0.16E-03  0.17E-03
   1165000 -0.26E-01  0.13E-03  0.14E-03
   1166000 -0.26E-01  0.11E-03  0.11E-03
   1167000 -0.25E-01  0.10E-03  0.11E-03
   1168000 -0.25E-01  0.97E-04  0.99E-04
   1169000 -0.24E-01  0.86E-04  0.91E-04
   1170000 -0.24E-01  0.80E-04  0.81E-04
   1171000 -0.23E-01  0.73E-04  0.74E-04
   1172000 -0.23E-01  0.69E-04  0.70E-04
   1173000 -0.22E-01  0.65E-04  0.66E-04
   1174000 -0.21E-01  0.61E-04  0.62E-04
   1175000 -0.21E-01  0.58E-04  0.59E-04
   1176000 -0.20E-01  0.55E-04  0.56E-04
   1177000 -0.20E-01  0.52E-04  0.53E-04
   1178000 -0.19E-01  0.50E-04  0.50E-04
   1179000 -0.19E-01  0.47E-04  0.48E-04
   1180000 -0.26E-01  0.26E-03  0.53E-03
   1181000 -0.26E-01  0.11E-03  0.11E-03
   1182000 -0.25E-01  0.96E-04  0.10E-03
   1183000 -0.25E-01  0.89E-04  0.91E-04
   1184000 -0.24E-01  0.83E-04  0.85E-04
   1185000 -0.23E-01  0.80E-04  0.83E-04
   1186000 -0.23E-01  0.73E-04  0.74E-04
   1187000 -0.22E-01  0.71E-04  0.73E-04
   1188000 -0.22E-01  0.63E-04  0.65E-04
   1189000 -0.21E-01  0.59E-04  0.62E-04
   1190000 -0.20E-01  0.55E-04  0.61E-04
   1191000 -0.20E-01  0.54E-04  0.60E-04
   1192000 -0.19E-01  0.50E-04  0.58E-04
   1193000 -0.19E-01  0.48E-04  0.57E-04
   1194000 -0.18E-01  0.46E-04  0.55E-04
   1195000 -0.17E-01  0.43E-04  0.54E-04
   1196000 -0.17E-01  0.42E-04  0.55E-04
   1197000 -0.16E-01  0.40E-04  0.54E-04
   1198000 -0.16E-01  0.39E-04  0.52E-04
   1199000 -0.15E-01  0.37E-04  0.51E-04
   1200000 -0.14E-01  0.36E-04  0.50E-04
   1201000 -0.14E-01  0.35E-04  0.51E-04
   1202000 -0.22E-01  0.92E-04  0.13E-03
   1203000 -0.21E-01  0.64E-04  0.82E-04
   1204000 -0.20E-01  0.60E-04  0.75E-04
   1205000 -0.20E-01  0.54E-04  0.73E-04
   1206000 -0.19E-01  0.53E-04  0.69E-04
   1207000 -0.18E-01  0.53E-04  0.67E-04
   1208000 -0.18E-01  0.50E-04  0.65E-04
   1209000 -0.17E-01  0.50E-04  0.64E-04
   1210000 -0.17E-01  0.48E-04  0.63E-04
   1211000 -0.16E-01  0.42E-04  0.61E-04
   1212000 -0.15E-01  0.41E-04  0.55E-04
   1213000 -0.15E-01  0.42E-04  0.57E-04
   1214000 -0.14E-01  0.39E-04  0.51E-04
   1215000 -0.14E-01  0.37E-04  0.51E-04
   1216000 -0.13E-01  0.37E-04  0.48E-04
   1217000 -0.12E-01  0.34E-04  0.46E-04
   1218000 -0.12E-01  0.34E-04  0.47E-04
   1219000 -0.11E-01  0.32E-04  0.42E-04
   1220000 -0.10E-01  0.30E-04  0.40E-04
   1221000 -0.98E-02  0.29E-04  0.38E-04
   1222000 -0.92E-02  0.28E-04  0.37E-04
   1223000 -0.29E-01  0.23E-03  0.24E-03
   1224000 -0.29E-01  0.16E-03  0.16E-03
   1225000 -0.28E-01  0.14E-03  0.15E-03
   1226000 -0.27E-01  0.12E-03  0.12E-03
   1227000 -0.27E-01  0.10E-03  0.11E-03
   1228000 -0.26E-01  0.95E-04  0.99E-04
   1229000 -0.26E-01  0.87E-04  0.89E-04
   1230000 -0.25E-01  0.80E-04  0.82E-04
   1231000 -0.25E-01  0.77E-04  0.78E-04
   1232000 -0.24E-01  0.69E-04  0.70E-04
   1233000 -0.24E-01  0.67E-04  0.69E-04
   1234000 -0.23E-01  0.61E-04  0.62E-04
   1235000 -0.22E-01  0.59E-04  0.61E-04
   1236000 -0.22E-01  0.56E-04  0.59E-04
   1237000 -0.21E-01  0.54E-04  0.55E-04
   1238000 -0.21E-01  0.50E-04  0.53E-04
   1239000 -0.20E-01  0.49E-04  0.51E-04
   1240000 -0.28E-01  0.28E-03  0.58E-03
   1241000 -0.27E-01  0.10E-03  0.11E-03
   1242000 -0.27E-01  0.93E-04  0.95E-04
   1243000 -0.26E-01  0.85E-04  0.87E-04
   1244000 -0.26E-01  0.83E-04  0.84E-04
   1245000 -0.25E-01  0.76E-04  0.78E-04
   1246000 -0.25E-01  0.70E-04  0.72E-04
   1247000 -0.24E-01  0.64E-04  0.69E-04
   1248000 -0.23E-01  0.62E-04  0.64E-04
   1249000 -0.23E-01  0.57E-04  0.58E-04
   1250000 -0.22E-01  0.58E-04  0.60E-04
   1251000 -0.22E-01  0.49E-04  0.50E-04
   1252000 -0.21E-01  0.47E-04  0.47E-04
   1253000 -0.21E-01  0.45E-04  0.45E-04
   1254000 -0.20E-01  0.47E-04  0.49E-04
   1255000 -0.20E-01  0.42E-04  0.46E-04
   1256000 -0.19E-01  0.41E-04  0.41E-04
   1257000 -0.18E-01  0.38E-04  0.38E-04
   1258000 -0.18E-01  0.36E-04  0.37E-04
   1259000 -0.17E-01  0.37E-04  0.39E-04
   1260000 -0.17E-01  0.36E-04  0.38E-04
   1261000 -0.16E-01  0.33E-04  0.33E-04
   1262000 -0.24E-01  0.84E-04  0.10E-03
   1263000 -0.24E-01  0.64E-04  0.68E-04
   1264000 -0.23E-01  0.57E-04  0.61E-04
   1265000 -0.22E-01  0.55E-04  0.59E-04
   1266000 -0.22E-01  0.54E-04  0.55E-04
   1267000 -0.21E-01  0.53E-04  0.54E-04
   1268000 -0.21E-01  0.47E-04  0.48E-04
   1269000 -0.20E-01  0.46E-04  0.48E-04
   1270000 -0.20E-01  0.48E-04  0.49E-04
   1271000 -0.19E-01  0.50E-04  0.54E-04
   1272000 -0.19E-01  0.44E-04  0.56E-04
   1273000 -0.18E-01  0.40E-04  0.44E-04
   1274000 -0.18E-01  0.39E-04  0.41E-04
   1275000 -0.17E-01  0.37E-04  0.40E-04
   1276000 -0.17E-01  0.38E-04  0.40E-04
   1277000 -0.16E-01  0.34E-04  0.40E-04
   1278000 -0.16E-01  0.35E-04  0.39E-04
   1279000 -0.15E-01  0.35E-04  0.40E-04
   1280000 -0.15E-01  0.35E-04  0.39E-04
   1281000 -0.14E-01  0.33E-04  0.37E-04
   1282000 -0.14E-01  0.31E-04  0.34E-04
   1283000 -0.13E-01  0.30E-04  0.33E-04
   1284000 -0.12E-01  0.29E-04  0.33E-04
   1285000 -0.12E-01  0.29E-04  0.31E-04
   1286000 -0.30E-01  0.20E-03  0.21E-03
   1287000 -0.29E-01  0.14E-03  0.15E-03
   1288000 -0.29E-01  0.12E-03  0.13E-03
   1289000 -0.28E-01  0.11E-03  0.11E-03
   1290000 -0.28E-01  0.10E-03  0.11E-03
   1291000 -0.28E-01  0.90E-04  0.93E-04
   1292000 -0.27E-01  0.83E-04  0.85E-04
   1293000 -0.27E-01  0.75E-04  0.76E-04
   1294000 -0.26E-01  0.71E-04  0.72E-04
   1295000 -0.26E-01  0.66E-04  0.67E-04
   1296000 -0.25E-01  0.64E-04  0.65E-04
   1297000 -0.24E-01  0.62E-04  0.64E-04
   1298000 -0.24E-01  0.58E-04  0.59E-04
   1299000 -0.23E-01  0.55E-04  0.56E-04
   1300000 -0.23E-01  0.53E-04  0.54E-04
   1301000 -0.22E-01  0.49E-04  0.51E-04
   1302000 -0.22E-01  0.47E-04  0.47E-04
   1303000 -0.30E-01  0.12E-03  0.17E-03
   1304000 -0.29E-01  0.14E-03  0.16E-03
   1305000 -0.29E-01  0.11E-03  0.11E-03
   1306000 -0.28E-01  0.99E-04  0.10E-03
   1307000 -0.28E-01  0.87E-04  0.90E-04
   1308000 -0.27E-01  0.87E-04  0.89E-04
   1309000 -0.27E-01  0.77E-04  0.82E-04
   1310000 -0.26E-01  0.75E-04  0.78E-04
   1311000 -0.26E-01  0.66E-04  0.68E-04
   1312000 -0.25E-01  0.64E-04  0.69E-04
   1313000 -0.25E-01  0.63E-04  0.66E-04
   1314000 -0.24E-01  0.56E-04  0.57E-04
   1315000 -0.23E-01  0.55E-04  0.55E-04
   1316000 -0.23E-01  0.51E-04  0.52E-04
   1317000 -0.22E-01  0.49E-04  0.49E-04
   1318000 -0.22E-01  0.48E-04  0.49E-04
   1319000 -0.21E-01  0.46E-04  0.47E-04
   1320000 -0.21E-01  0.43E-04  0.44E-04
   1321000 -0.20E-01  0.42E-04  0.42E-04
   1322000 -0.20E-01  0.41E-04  0.42E-04
   1323000 -0.27E-01  0.11E-03  0.12E-03
   1324000 -0.27E-01  0.95E-04  0.98E-04
   1325000 -0.26E-01  0.80E-04  0.84E-04
   1326000 -0.26E-01  0.77E-04  0.81E-04
   1327000 -0.25E-01  0.69E-04  0.72E-04
   1328000 -0.24E-01  0.70E-04  0.72E-04
   1329000 -0.24E-01  0.61E-04  0.63E-04
   1330000 -0.23E-01  0.57E-04  0.58E-04
   1331000 -0.23E-01  0.52E-04  0.54E-04
   1332000 -0.22E-01  0.50E-04  0.54E-04
   1333000 -0.21E-01  0.47E-04  0.56E-04
   1334000 -0.21E-01  0.49E-04  0.63E-04
   1335000 -0.20E-01  0.47E-04  0.59E-04
   1336000 -0.20E-01  0.47E-04  0.59E-04
   1337000 -0.19E-01  0.45E-04  0.58E-04
   1338000 -0.18E-01  0.44E-04  0.56E-04
   1339000 -0.18E-01  0.41E-04  0.57E-04
   1340000 -0.17E-01  0.39E-04  0.56E-04
   1341000 -0.17E-01  0.40E-04  0.59E-04
   1342000 -0.16E-01  0.41E-04  0.58E-04
   1343000 -0.15E-01  0.38E-04  0.54E-04
   1344000 -0.15E-01  0.39E-04  0.54E-04
   1345000 -0.14E-01  0.36E-04  0.55E-04
   1346000 -0.13E-01  0.34E-04  0.53E-04
   1347000 -0.13E-01  0.34E-04  0.52E-04
   1348000 -0.12E-01  0.35E-04  0.51E-04
   1349000 -0.12E-01  0.33E-04  0.50E-04
   1350000 -0.11E-01  0.32E-04  0.48E-04
   1351000 -0.10E-01  0.33E-04  0.49E-04
   1352000 -0.96E-02  0.30E-04  0.46E-04
   1353000 -0.90E-02  0.29E-04  0.44E-04
   1354000 -0.17E-01  0.91E-04  0.21E-03
   1355000 -0.16E-01  0.39E-04  0.64E-04
   1356000 -0.15E-01  0.39E-04  0.59E-04
   1357000 -0.15E-01  0.38E-04  0.58E-04
   1358000 -0.31E-01  0.38E-04  0.57E-04
   1359000 -0.30E-01  0.23E-03  0.24E-03
   1360000 -0.30E-01  0.15E-03  0.16E-03
   1361000 -0.29E-01  0.13E-03  0.13E-03
   1362000 -0.29E-01  0.11E-03  0.12E-03
   1363000 -0.28E-01  0.10E-03  0.11E-03
   1364000 -0.28E-01  0.89E-04  0.11E-03
   1365000 -0.27E-01  0.85E-04  0.98E-04
   1366000 -0.27E-01  0.76E-04  0.89E-04
   1367000 -0.26E-01  0.72E-04  0.85E-04
   1368000 -0.25E-01  0.68E-04  0.78E-04
   1369000 -0.25E-01  0.62E-04  0.73E-04
   1370000 -0.24E-01  0.59E-04  0.69E-04
   1371000 -0.24E-01  0.57E-04  0.65E-04
   1372000 -0.23E-01  0.54E-04  0.63E-04
   1373000 -0.23E-01  0.52E-04  0.58E-04
   1374000 -0.22E-01  0.49E-04  0.54E-04
   1375000 -0.30E-01  0.27E-03  0.54E-03
   1376000 -0.29E-01  0.11E-03  0.12E-03
   1377000 -0.29E-01  0.98E-04  0.11E-03
   1378000 -0.28E-01  0.90E-04  0.93E-04
   1379000 -0.27E-01  0.87E-04  0.89E-04
   1380000 -0.27E-01  0.81E-04  0.85E-04
   1381000 -0.26E-01  0.79E-04  0.81E-04
   1382000 -0.26E-01  0.69E-04  0.71E-04
   1383000 -0.25E-01  0.67E-04  0.68E-04
   1384000 -0.25E-01  0.61E-04  0.66E-04
   1385000 -0.24E-01  0.55E-04  0.56E-04
   1386000 -0.23E-01  0.53E-04  0.54E-04
   1387000 -0.23E-01  0.51E-04  0.52E-04
   1388000 -0.22E-01  0.51E-04  0.57E-04
   1389000 -0.22E-01  0.51E-04  0.54E-04
   1390000 -0.21E-01  0.49E-04  0.52E-04
   1391000 -0.20E-01  0.45E-04  0.47E-04
   1392000 -0.20E-01  0.45E-04  0.50E-04
   1393000 -0.19E-01  0.41E-04  0.42E-04
   1394000 -0.19E-01  0.41E-04  0.42E-04
   1395000 -0.18E-01  0.35E-04  0.36E-04
   1396000 -0.26E-01  0.95E-04  0.12E-03
   1397000 -0.25E-01  0.67E-04  0.71E-04
   1398000 -0.25E-01  0.62E-04  0.67E-04
   1399000 -0.24E-01  0.55E-04  0.57E-04
   1400000 -0.24E-01  0.58E-04  0.59E-04
   1401000 -0.23E-01  0.56E-04  0.57E-04
   1402000 -0.23E-01  0.48E-04  0.49E-04
   1403000 -0.22E-01  0.52E-04  0.58E-04
   1404000 -0.21E-01  0.43E-04  0.43E-04
   1405000 -0.21E-01  0.41E-04  0.42E-04
   1406000 -0.20E-01  0.39E-04  0.39E-04
   1407000 -0.20E-01  0.38E-04  0.39E-04
   1408000 -0.19E-01  0.37E-04  0.47E-04
   1409000 -0.19E-01  0.36E-04  0.37E-04
   1410000 -0.18E-01  0.34E-04  0.35E-04
   1411000 -0.17E-01  0.33E-04  0.34E-04
   1412000 -0.17E-01  0.31E-04  0.32E-04
   1413000 -0.16E-01  0.31E-04  0.31E-04
   1414000 -0.16E-01  0.30E-04  0.31E-04
   1415000 -0.15E-01  0.29E-04  0.30E-04
   1416000 -0.15E-01  0.28E-04  0.29E-04
   1417000 -0.33E-01  0.27E-04  0.29E-04
   1418000 -0.33E-01  0.21E-03  0.22E-03
   1419000 -0.32E-01  0.14E-03  0.15E-03
   1420000 -0.32E-01  0.12E-03  0.12E-03
   1421000 -0.31E-01  0.10E-03  0.10E-03
   1422000 -0.31E-01  0.96E-04  0.96E-04
   1423000 -0.30E-01  0.86E-04  0.88E-04
   1424000 -0.30E-01  0.78E-04  0.80E-04
   1425000 -0.29E-01  0.73E-04  0.74E-04
   1426000 -0.29E-01  0.67E-04  0.69E-04
   1427000 -0.28E-01  0.66E-04  0.70E-04
   1428000 -0.28E-01  0.64E-04  0.66E-04
   1429000 -0.27E-01  0.57E-04  0.58E-04
   1430000 -0.27E-01  0.54E-04  0.55E-04
   1431000 -0.26E-01  0.52E-04  0.53E-04
   1432000 -0.26E-01  0.49E-04  0.50E-04
   1433000 -0.25E-01  0.48E-04  0.48E-04
   1434000 -0.25E-01  0.45E-04  0.47E-04
   1435000 -0.24E-01  0.43E-04  0.44E-04
   1436000 -0.32E-01  0.13E-03  0.29E-03
   1437000 -0.32E-01  0.99E-04  0.10E-03
   1438000 -0.31E-01  0.89E-04  0.91E-04
   1439000 -0.31E-01  0.82E-04  0.84E-04
   1440000 -0.30E-01  0.84E-04  0.87E-04
   1441000 -0.30E-01  0.75E-04  0.77E-04
   1442000 -0.29E-01  0.70E-04  0.76E-04
   1443000 -0.29E-01  0.68E-04  0.70E-04
   1444000 -0.28E-01  0.65E-04  0.69E-04
   1445000 -0.28E-01  0.59E-04  0.61E-04
   1446000 -0.27E-01  0.58E-04  0.60E-04
   1447000 -0.27E-01  0.55E-04  0.58E-04
   1448000 -0.26E-01  0.52E-04  0.55E-04
   1449000 -0.25E-01  0.52E-04  0.54E-04
   1450000 -0.25E-01  0.49E-04  0.51E-04
   1451000 -0.24E-01  0.46E-04  0.48E-04
   1452000 -0.24E-01  0.45E-04  0.47E-04
   1453000 -0.23E-01  0.43E-04  0.44E-04
   1454000 -0.23E-01  0.41E-04  0.41E-04
   1455000 -0.22E-01  0.39E-04  0.39E-04
   1456000 -0.22E-01  0.39E-04  0.39E-04
   1457000 -0.21E-01  0.37E-04  0.37E-04
   1458000 -0.29E-01  0.91E-04  0.11E-03
   1459000 -0.28E-01  0.70E-04  0.78E-04
   1460000 -0.28E-01  0.63E-04  0.65E-04
   1461000 -0.27E-01  0.61E-04  0.62E-04
   1462000 -0.27E-01  0.56E-04  0.57E-04
   1463000 -0.26E-01  0.57E-04  0.59E-04
   1464000 -0.26E-01  0.53E-04  0.54E-04
   1465000 -0.25E-01  0.51E-04  0.52E-04
   1466000 -0.24E-01  0.49E-04  0.51E-04
   1467000 -0.24E-01  0.44E-04  0.45E-04
   1468000 -0.23E-01  0.44E-04  0.47E-04
   1469000 -0.23E-01  0.41E-04  0.41E-04
   1470000 -0.22E-01  0.39E-04  0.40E-04
   1471000 -0.21E-01  0.38E-04  0.38E-04
   1472000 -0.21E-01  0.36E-04  0.38E-04
   1473000 -0.20E-01  0.35E-04  0.40E-04
   1474000 -0.20E-01  0.34E-04  0.41E-04
   1475000 -0.19E-01  0.33E-04  0.42E-04
   1476000 -0.18E-01  0.32E-04  0.42E-04
   1477000 -0.18E-01  0.31E-04  0.42E-04
   1478000 -0.17E-01  0.30E-04  0.43E-04
   1479000 -0.17E-01  0.29E-04  0.42E-04
   1480000 -0.16E-01  0.28E-04  0.42E-04
   1481000 -0.15E-01  0.28E-04  0.42E-04
   1482000 -0.15E-01  0.27E-04  0.42E-04
   1483000 -0.14E-01  0.26E-04  0.42E-04
   1484000 -0.14E-01  0.26E-04  0.42E-04
   1485000 -0.13E-01  0.25E-04  0.42E-04
   1486000 -0.12E-01  0.24E-04  0.42E-04
   1487000 -0.12E-01  0.24E-04  0.42E-04
   1488000 -0.11E-01  0.23E-04  0.42E-04
   1489000 -0.10E-01  0.23E-04  0.42E-04
   1490000 -0.98E-02  0.22E-04  0.41E-04
   1491000 -0.92E-02  0.22E-04  0.42E-04
   1492000 -0.86E-02  0.22E-04  0.42E-04
   1493000 -0.79E-02  0.21E-04  0.41E-04
   1494000 -0.16E-01  0.85E-04  0.18E-03
   1495000 -0.15E-01  0.36E-04  0.65E-04
   1496000 -0.14E-01  0.30E-04  0.56E-04
   1497000 -0.14E-01  0.30E-04  0.56E-04
   1498000 -0.13E-01  0.27E-04  0.56E-04
   1499000 -0.13E-01  0.27E-04  0.55E-04
   1500000 -0.12E-01  0.27E-04  0.55E-04
   1501000 -0.11E-01  0.31E-04  0.52E-04
   1502000 -0.11E-01  0.26E-04  0.49E-04
   1503000 -0.33E-01  0.25E-04  0.52E-04
   1504000 -0.32E-01  0.23E-03  0.25E-03
   1505000 -0.32E-01  0.15E-03  0.17E-03
   1506000 -0.31E-01  0.12E-03  0.15E-03
   1507000 -0.30E-01  0.11E-03  0.14E-03
   1508000 -0.30E-01  0.11E-03  0.12E-03
   1509000 -0.29E-01  0.92E-04  0.11E-03
   1510000 -0.29E-01  0.83E-04  0.10E-03
   1511000 -0.28E-01  0.76E-04  0.93E-04
   1512000 -0.28E-01  0.73E-04  0.88E-04
   1513000 -0.27E-01  0.69E-04  0.81E-04
   1514000 -0.27E-01  0.65E-04  0.78E-04
   1515000 -0.26E-01  0.62E-04  0.72E-04
   1516000 -0.25E-01  0.62E-04  0.67E-04
   1517000 -0.25E-01  0.56E-04  0.63E-04
   1518000 -0.24E-01  0.52E-04  0.59E-04
   1519000 -0.24E-01  0.51E-04  0.56E-04
   1520000 -0.32E-01  0.28E-03  0.56E-03
   1521000 -0.31E-01  0.11E-03  0.12E-03
   1522000 -0.30E-01  0.10E-03  0.10E-03
   1523000 -0.30E-01  0.91E-04  0.94E-04
   1524000 -0.29E-01  0.86E-04  0.90E-04
   1525000 -0.29E-01  0.80E-04  0.82E-04
   1526000 -0.28E-01  0.75E-04  0.76E-04
   1527000 -0.27E-01  0.68E-04  0.69E-04
   1528000 -0.27E-01  0.63E-04  0.65E-04
   1529000 -0.26E-01  0.64E-04  0.67E-04
   1530000 -0.26E-01  0.64E-04  0.66E-04
   1531000 -0.25E-01  0.57E-04  0.62E-04
   1532000 -0.24E-01  0.57E-04  0.60E-04
   1533000 -0.24E-01  0.52E-04  0.57E-04
   1534000 -0.23E-01  0.54E-04  0.56E-04
   1535000 -0.23E-01  0.52E-04  0.55E-04
   1536000 -0.22E-01  0.49E-04  0.53E-04
   1537000 -0.22E-01  0.46E-04  0.50E-04
   1538000 -0.21E-01  0.45E-04  0.49E-04
   1539000 -0.20E-01  0.42E-04  0.47E-04
   1540000 -0.20E-01  0.41E-04  0.44E-04
   1541000 -0.19E-01  0.39E-04  0.42E-04
   1542000 -0.19E-01  0.38E-04  0.41E-04
   1543000 -0.27E-01  0.11E-03  0.15E-03
   1544000 -0.26E-01  0.59E-04  0.63E-04
   1545000 -0.25E-01  0.53E-04  0.55E-04
   1546000 -0.25E-01  0.52E-04  0.53E-04
   1547000 -0.24E-01  0.53E-04  0.54E-04
   1548000 -0.24E-01  0.49E-04  0.50E-04
   1549000 -0.23E-01  0.44E-04  0.46E-04
   1550000 -0.23E-01  0.41E-04  0.42E-04
   1551000 -0.22E-01  0.41E-04  0.42E-04
   1552000 -0.21E-01  0.39E-04  0.44E-04
   1553000 -0.21E-01  0.37E-04  0.38E-04
   1554000 -0.20E-01  0.35E-04  0.37E-04
   1555000 -0.20E-01  0.34E-04  0.35E-04
   1556000 -0.19E-01  0.33E-04  0.34E-04
   1557000 -0.19E-01  0.33E-04  0.34E-04
   1558000 -0.18E-01  0.31E-04  0.32E-04
   1559000 -0.18E-01  0.30E-04  0.31E-04
   1560000 -0.17E-01  0.29E-04  0.30E-04
   1561000 -0.16E-01  0.28E-04  0.29E-04
   1562000 -0.16E-01  0.27E-04  0.29E-04
   1563000 -0.15E-01  0.27E-04  0.28E-04
   1564000 -0.15E-01  0.26E-04  0.27E-04
   1565000 -0.14E-01  0.25E-04  0.26E-04
   1566000 -0.14E-01  0.25E-04  0.26E-04
   1567000 -0.13E-01  0.24E-04  0.25E-04
   1568000 -0.13E-01  0.24E-04  0.25E-04
   1569000 -0.12E-01  0.23E-04  0.24E-04
   1570000 -0.11E-01  0.23E-04  0.23E-04
   1571000 -0.11E-01  0.22E-04  0.23E-04
   1572000 -0.10E-01  0.22E-04  0.22E-04
   1573000 -0.98E-02  0.21E-04  0.22E-04
   1574000 -0.92E-02  0.21E-04  0.21E-04
   1575000 -0.87E-02  0.20E-04  0.21E-04
   1576000 -0.81E-02  0.20E-04  0.21E-04
   1577000 -0.76E-02  0.20E-04  0.20E-04
   1578000 -0.31E-01  0.21E-03  0.21E-03
   1579000 -0.31E-01  0.14E-03  0.15E-03
   1580000 -0.30E-01  0.12E-03  0.13E-03
   1581000 -0.30E-01  0.11E-03  0.11E-03
   1582000 -0.29E-01  0.99E-04  0.10E-03
   1583000 -0.29E-01  0.90E-04  0.93E-04
   1584000 -0.28E-01  0.84E-04  0.87E-04
   1585000 -0.28E-01  0.75E-04  0.77E-04
   1586000 -0.27E-01  0.73E-04  0.74E-04
   1587000 -0.27E-01  0.67E-04  0.69E-04
   1588000 -0.26E-01  0.67E-04  0.70E-04
   1589000 -0.26E-01  0.63E-04  0.64E-04
   1590000 -0.25E-01  0.60E-04  0.62E-04
   1591000 -0.25E-01  0.54E-04  0.55E-04
   1592000 -0.24E-01  0.50E-04  0.51E-04
   1593000 -0.24E-01  0.48E-04  0.49E-04
   1594000 -0.23E-01  0.47E-04  0.47E-04
   1595000 -0.31E-01  0.17E-03  0.39E-03
   1596000 -0.31E-01  0.12E-03  0.13E-03
   1597000 -0.30E-01  0.11E-03  0.11E-03
   1598000 -0.29E-01  0.95E-04  0.97E-04
   1599000 -0.29E-01  0.92E-04  0.94E-04
   1600000 -0.28E-01  0.82E-04  0.87E-04
   1601000 -0.28E-01  0.80E-04  0.87E-04
   1602000 -0.27E-01  0.77E-04  0.80E-04
   1603000 -0.27E-01  0.69E-04  0.75E-04
   1604000 -0.26E-01  0.70E-04  0.72E-04
   1605000 -0.26E-01  0.65E-04  0.69E-04
   1606000 -0.25E-01  0.63E-04  0.67E-04
   1607000 -0.25E-01  0.58E-04  0.67E-04
   1608000 -0.24E-01  0.55E-04  0.60E-04
   1609000 -0.23E-01  0.54E-04  0.56E-04
   1610000 -0.23E-01  0.52E-04  0.56E-04
   1611000 -0.22E-01  0.48E-04  0.52E-04
   1612000 -0.22E-01  0.47E-04  0.51E-04
   1613000 -0.21E-01  0.46E-04  0.49E-04
   1614000 -0.21E-01  0.42E-04  0.46E-04
   1615000 -0.29E-01  0.11E-03  0.14E-03
   1616000 -0.28E-01  0.78E-04  0.82E-04
   1617000 -0.27E-01  0.77E-04  0.79E-04
   1618000 -0.27E-01  0.67E-04  0.70E-04
   1619000 -0.26E-01  0.66E-04  0.68E-04
   1620000 -0.26E-01  0.64E-04  0.66E-04
   1621000 -0.25E-01  0.59E-04  0.65E-04
   1622000 -0.24E-01  0.54E-04  0.62E-04
   1623000 -0.24E-01  0.54E-04  0.67E-04
   1624000 -0.23E-01  0.52E-04  0.65E-04
   1625000 -0.23E-01  0.50E-04  0.64E-04
   1626000 -0.22E-01  0.46E-04  0.62E-04
   1627000 -0.21E-01  0.44E-04  0.62E-04
   1628000 -0.21E-01  0.47E-04  0.63E-04
   1629000 -0.20E-01  0.40E-04  0.61E-04
   1630000 -0.20E-01  0.42E-04  0.59E-04
   1631000 -0.19E-01  0.40E-04  0.59E-04
   1632000 -0.18E-01  0.36E-04  0.57E-04
   1633000 -0.34E-01  0.37E-04  0.58E-04
   1634000 -0.34E-01  0.23E-03  0.24E-03
   1635000 -0.33E-01  0.15E-03  0.16E-03
   1636000 -0.33E-01  0.13E-03  0.16E-03
   1637000 -0.32E-01  0.11E-03  0.13E-03
   1638000 -0.32E-01  0.10E-03  0.12E-03
   1639000 -0.31E-01  0.92E-04  0.11E-03
   1640000 -0.31E-01  0.83E-04  0.10E-03
   1641000 -0.30E-01  0.77E-04  0.97E-04
   1642000 -0.29E-01  0.73E-04  0.90E-04
   1643000 -0.29E-01  0.68E-04  0.85E-04
   1644000 -0.28E-01  0.64E-04  0.80E-04
   1645000 -0.28E-01  0.61E-04  0.76E-04
   1646000 -0.27E-01  0.57E-04  0.72E-04
   1647000 -0.27E-01  0.54E-04  0.69E-04
   1648000 -0.26E-01  0.51E-04  0.65E-04
   1649000 -0.25E-01  0.48E-04  0.61E-04
   1650000 -0.33E-01  0.15E-03  0.30E-03
   1651000 -0.33E-01  0.11E-03  0.12E-03
   1652000 -0.32E-01  0.10E-03  0.10E-03
   1653000 -0.31E-01  0.90E-04  0.97E-04
   1654000 -0.31E-01  0.88E-04  0.93E-04
   1655000 -0.30E-01  0.80E-04  0.82E-04
   1656000 -0.30E-01  0.73E-04  0.79E-04
   1657000 -0.29E-01  0.69E-04  0.74E-04
   1658000 -0.29E-01  0.64E-04  0.70E-04
   1659000 -0.28E-01  0.59E-04  0.65E-04
   1660000 -0.27E-01  0.57E-04  0.59E-04
   1661000 -0.27E-01  0.53E-04  0.56E-04
   1662000 -0.26E-01  0.50E-04  0.53E-04
   1663000 -0.26E-01  0.53E-04  0.54E-04
   1664000 -0.25E-01  0.55E-04  0.57E-04
   1665000 -0.24E-01  0.45E-04  0.46E-04
   1666000 -0.24E-01  0.45E-04  0.47E-04
   1667000 -0.23E-01  0.48E-04  0.50E-04
   1668000 -0.23E-01  0.40E-04  0.41E-04
   1669000 -0.22E-01  0.38E-04  0.38E-04
   1670000 -0.21E-01  0.40E-04  0.40E-04
   1671000 -0.21E-01  0.41E-04  0.43E-04
   1672000 -0.29E-01  0.10E-03  0.12E-03
   1673000 -0.28E-01  0.61E-04  0.66E-04
   1674000 -0.28E-01  0.59E-04  0.61E-04
   1675000 -0.27E-01  0.55E-04  0.57E-04
   1676000 -0.26E-01  0.55E-04  0.60E-04
   1677000 -0.26E-01  0.53E-04  0.55E-04
   1678000 -0.25E-01  0.50E-04  0.58E-04
   1679000 -0.25E-01  0.45E-04  0.46E-04
   1680000 -0.24E-01  0.44E-04  0.46E-04
   1681000 -0.23E-01  0.41E-04  0.43E-04
   1682000 -0.23E-01  0.46E-04  0.49E-04
   1683000 -0.22E-01  0.38E-04  0.38E-04
   1684000 -0.22E-01  0.36E-04  0.36E-04
   1685000 -0.21E-01  0.34E-04  0.35E-04
   1686000 -0.20E-01  0.33E-04  0.34E-04
   1687000 -0.20E-01  0.33E-04  0.33E-04
   1688000 -0.19E-01  0.31E-04  0.32E-04
   1689000 -0.19E-01  0.30E-04  0.31E-04
   1690000 -0.18E-01  0.31E-04  0.34E-04
   1691000 -0.17E-01  0.35E-04  0.38E-04
   1692000 -0.17E-01  0.29E-04  0.30E-04
   1693000 -0.16E-01  0.27E-04  0.27E-04
   1694000 -0.16E-01  0.26E-04  0.27E-04
   1695000 -0.15E-01  0.25E-04  0.26E-04
   1696000 -0.15E-01  0.25E-04  0.25E-04
   1697000 -0.14E-01  0.24E-04  0.25E-04
   1698000 -0.13E-01  0.23E-04  0.24E-04
   1699000 -0.13E-01  0.23E-04  0.24E-04
   1700000 -0.12E-01  0.22E-04  0.23E-04
   1701000 -0.12E-01  0.22E-04  0.23E-04
   1702000 -0.11E-01  0.21E-04  0.22E-04
   1703000 -0.11E-01  0.21E-04  0.22E-04
   1704000 -0.99E-02  0.20E-04  0.21E-04
   1705000 -0.94E-02  0.20E-04  0.21E-04
   1706000 -0.88E-02  0.20E-04  0.21E-04
   1707000 -0.35E-01  0.21E-03  0.21E-03
   1708000 -0.34E-01  0.14E-03  0.15E-03
   1709000 -0.34E-01  0.14E-03  0.14E-03
   1710000 -0.33E-01  0.11E-03  0.11E-03
   1711000 -0.33E-01  0.98E-04  0.99E-04
   1712000 -0.32E-01  0.92E-04  0.94E-04
   1713000 -0.32E-01  0.83E-04  0.84E-04
   1714000 -0.31E-01  0.75E-04  0.79E-04
   1715000 -0.31E-01  0.69E-04  0.71E-04
   1716000 -0.30E-01  0.65E-04  0.67E-04
   1717000 -0.30E-01  0.60E-04  0.61E-04
   1718000 -0.29E-01  0.58E-04  0.59E-04
   1719000 -0.29E-01  0.56E-04  0.57E-04
   1720000 -0.28E-01  0.55E-04  0.57E-04
   1721000 -0.28E-01  0.53E-04  0.54E-04
   1722000 -0.27E-01  0.51E-04  0.52E-04
   1723000 -0.27E-01  0.47E-04  0.48E-04
   1724000 -0.35E-01  0.11E-03  0.14E-03
   1725000 -0.34E-01  0.14E-03  0.19E-03
   1726000 -0.34E-01  0.10E-03  0.11E-03
   1727000 -0.33E-01  0.92E-04  0.95E-04
   1728000 -0.33E-01  0.84E-04  0.85E-04
   1729000 -0.32E-01  0.82E-04  0.89E-04
   1730000 -0.32E-01  0.80E-04  0.86E-04
   1731000 -0.31E-01  0.78E-04  0.83E-04
   1732000 -0.31E-01  0.64E-04  0.65E-04
   1733000 -0.30E-01  0.60E-04  0.61E-04
   1734000 -0.30E-01  0.58E-04  0.59E-04
   1735000 -0.29E-01  0.55E-04  0.55E-04
   1736000 -0.29E-01  0.52E-04  0.52E-04
   1737000 -0.28E-01  0.49E-04  0.50E-04
   1738000 -0.28E-01  0.52E-04  0.54E-04
   1739000 -0.27E-01  0.51E-04  0.53E-04
   1740000 -0.27E-01  0.49E-04  0.53E-04
   1741000 -0.26E-01  0.48E-04  0.53E-04
   1742000 -0.26E-01  0.47E-04  0.49E-04
   1743000 -0.25E-01  0.41E-04  0.41E-04
   1744000 -0.25E-01  0.39E-04  0.39E-04
   1745000 -0.24E-01  0.40E-04  0.41E-04
   1746000 -0.32E-01  0.99E-04  0.13E-03
   1747000 -0.32E-01  0.76E-04  0.81E-04
   1748000 -0.31E-01  0.68E-04  0.73E-04
   1749000 -0.30E-01  0.66E-04  0.68E-04
   1750000 -0.30E-01  0.61E-04  0.63E-04
   1751000 -0.29E-01  0.61E-04  0.62E-04
   1752000 -0.29E-01  0.58E-04  0.58E-04
   1753000 -0.28E-01  0.56E-04  0.58E-04
   1754000 -0.28E-01  0.58E-04  0.59E-04
   1755000 -0.27E-01  0.51E-04  0.53E-04
   1756000 -0.27E-01  0.49E-04  0.53E-04
   1757000 -0.26E-01  0.44E-04  0.46E-04
   1758000 -0.25E-01  0.47E-04  0.50E-04
   1759000 -0.25E-01  0.44E-04  0.46E-04
   1760000 -0.24E-01  0.46E-04  0.50E-04
   1761000 -0.24E-01  0.39E-04  0.40E-04
   1762000 -0.23E-01  0.37E-04  0.38E-04
   1763000 -0.22E-01  0.36E-04  0.36E-04
   1764000 -0.22E-01  0.34E-04  0.35E-04
   1765000 -0.21E-01  0.33E-04  0.35E-04
   1766000 -0.21E-01  0.32E-04  0.35E-04
   1767000 -0.20E-01  0.32E-04  0.36E-04
   1768000 -0.19E-01  0.31E-04  0.37E-04
   1769000 -0.19E-01  0.30E-04  0.37E-04
   1770000 -0.18E-01  0.29E-04  0.37E-04
   1771000 -0.18E-01  0.29E-04  0.39E-04
   1772000 -0.17E-01  0.29E-04  0.40E-04
   1773000 -0.16E-01  0.28E-04  0.41E-04
   1774000 -0.16E-01  0.27E-04  0.41E-04
   1775000 -0.15E-01  0.26E-04  0.41E-04
   1776000 -0.14E-01  0.27E-04  0.42E-04
   1777000 -0.14E-01  0.25E-04  0.41E-04
   1778000 -0.22E-01  0.87E-04  0.21E-03
   1779000 -0.21E-01  0.38E-04  0.65E-04
   1780000 -0.20E-01  0.39E-04  0.64E-04
   1781000 -0.20E-01  0.38E-04  0.68E-04
   1782000 -0.19E-01  0.36E-04  0.63E-04
   1783000 -0.19E-01  0.34E-04  0.62E-04
   1784000 -0.18E-01  0.32E-04  0.58E-04
   1785000 -0.17E-01  0.30E-04  0.55E-04
   1786000 -0.17E-01  0.30E-04  0.54E-04
   1787000 -0.16E-01  0.29E-04  0.52E-04
   1788000 -0.36E-01  0.23E-03  0.24E-03
   1789000 -0.36E-01  0.16E-03  0.19E-03
   1790000 -0.35E-01  0.14E-03  0.16E-03
   1791000 -0.35E-01  0.12E-03  0.14E-03
