 0.000E+00 0.000E+00
 0.316E+12 0.110E+17
 0.631E+12 0.201E+17
 0.947E+12 0.320E+17
 0.126E+13 0.439E+17
 0.158E+13 0.488E+17
 0.189E+13 0.620E+17
 0.221E+13 0.720E+17
 0.252E+13 0.805E+17
 0.284E+13 0.860E+17
 0.316E+13 0.106E+18
 0.347E+13 0.122E+18
 0.379E+13 0.137E+18
 0.410E+13 0.151E+18
 0.442E+13 0.160E+18
 0.473E+13 0.169E+18
 0.505E+13 0.198E+18
 0.537E+13 0.210E+18
 0.568E+13 0.221E+18
 0.600E+13 0.249E+18
 0.631E+13 0.258E+18
 0.663E+13 0.280E+18
 0.694E+13 0.301E+18
 0.726E+13 0.317E+18
 0.757E+13 0.338E+18
 0.789E+13 0.358E+18
 0.821E+13 0.374E+18
 0.852E+13 0.394E+18
 0.884E+13 0.405E+18
 0.915E+13 0.421E+18
 0.947E+13 0.441E+18
 0.978E+13 0.458E+18
 0.101E+14 0.476E+18
 0.104E+14 0.484E+18
 0.107E+14 0.505E+18
 0.110E+14 0.517E+18
 0.114E+14 0.530E+18
 0.117E+14 0.551E+18
 0.120E+14 0.569E+18
 0.123E+14 0.592E+18
 0.126E+14 0.613E+18
 0.129E+14 0.639E+18
 0.133E+14 0.683E+18
 0.136E+14 0.708E+18
 0.139E+14 0.723E+18
 0.142E+14 0.746E+18
 0.145E+14 0.766E+18
 0.148E+14 0.796E+18
 0.151E+14 0.803E+18
 0.155E+14 0.823E+18
 0.158E+14 0.845E+18
 0.161E+14 0.860E+18
 0.164E+14 0.884E+18
 0.167E+14 0.905E+18
 0.170E+14 0.916E+18
 0.174E+14 0.936E+18
 0.177E+14 0.952E+18
 0.180E+14 0.968E+18
 0.183E+14 0.993E+18
 0.186E+14 0.101E+19
 0.189E+14 0.104E+19
 0.193E+14 0.106E+19
 0.196E+14 0.108E+19
 0.199E+14 0.112E+19
 0.202E+14 0.113E+19
 0.205E+14 0.116E+19
 0.208E+14 0.118E+19
 0.211E+14 0.121E+19
 0.215E+14 0.122E+19
 0.218E+14 0.124E+19
 0.221E+14 0.127E+19
 0.224E+14 0.130E+19
 0.227E+14 0.132E+19
 0.230E+14 0.133E+19
 0.234E+14 0.135E+19
 0.237E+14 0.137E+19
 0.240E+14 0.139E+19
 0.243E+14 0.141E+19
 0.246E+14 0.143E+19
 0.249E+14 0.146E+19
 0.252E+14 0.148E+19
 0.256E+14 0.152E+19
 0.259E+14 0.153E+19
 0.262E+14 0.156E+19
 0.265E+14 0.158E+19
 0.268E+14 0.161E+19
 0.271E+14 0.162E+19
 0.275E+14 0.165E+19
 0.278E+14 0.169E+19
 0.281E+14 0.171E+19
 0.284E+14 0.172E+19
 0.287E+14 0.175E+19
 0.290E+14 0.177E+19
 0.294E+14 0.180E+19
 0.297E+14 0.183E+19
 0.300E+14 0.184E+19
 0.303E+14 0.186E+19
 0.306E+14 0.189E+19
 0.309E+14 0.191E+19
 0.312E+14 0.193E+19
 0.316E+14 0.196E+19
 0.319E+14 0.197E+19
 0.322E+14 0.200E+19
 0.325E+14 0.204E+19
 0.328E+14 0.207E+19
 0.331E+14 0.208E+19
 0.335E+14 0.211E+19
 0.338E+14 0.212E+19
 0.341E+14 0.215E+19
 0.344E+14 0.217E+19
 0.347E+14 0.219E+19
 0.350E+14 0.222E+19
 0.353E+14 0.225E+19
 0.357E+14 0.227E+19
 0.360E+14 0.229E+19
 0.363E+14 0.231E+19
 0.366E+14 0.233E+19
 0.369E+14 0.236E+19
 0.372E+14 0.239E+19
 0.376E+14 0.240E+19
 0.379E+14 0.244E+19
 0.382E+14 0.245E+19
 0.385E+14 0.250E+19
 0.388E+14 0.253E+19
 0.391E+14 0.256E+19
 0.394E+14 0.259E+19
 0.398E+14 0.261E+19
 0.401E+14 0.264E+19
 0.404E+14 0.268E+19
 0.407E+14 0.270E+19
 0.410E+14 0.272E+19
 0.413E+14 0.275E+19
