      1000   0.001 -0.611E+12 -0.610E+12
      2000   0.001 -0.382E+12 -0.441E+12
      3000   0.002 -0.126E+12 -0.203E+12
      4000   0.003 -0.187E+11 -0.157E+12
      5000   0.003  0.697E+11 -0.348E+10
      6000   0.004  0.635E+11  0.823E+11
      7000   0.005  0.843E+11  0.126E+12
      8000   0.005  0.122E+12  0.126E+12
      9000   0.006  0.152E+12  0.129E+12
     10000   0.007  0.156E+12  0.145E+12
     11000   0.007  0.154E+12  0.170E+12
     12000   0.008  0.157E+12  0.171E+12
     13000   0.009  0.166E+12  0.173E+12
     14000   0.010  0.182E+12  0.174E+12
     15000   0.010  0.539E+11  0.468E+11
     16000   0.011  0.648E+11  0.660E+11
     17000   0.012  0.661E+11  0.739E+11
     18000   0.012 -0.286E+12 -0.285E+12
     19000   0.013 -0.157E+12 -0.147E+12
     20000   0.014 -0.893E+11 -0.769E+11
     21000   0.014 -0.105E+12 -0.941E+11
     22000   0.015 -0.920E+11 -0.890E+11
     23000   0.016 -0.105E+12 -0.106E+12
     24000   0.016 -0.101E+12 -0.107E+12
     25000   0.017 -0.105E+12 -0.106E+12
     26000   0.018 -0.117E+12 -0.114E+12
     27000   0.018 -0.119E+12 -0.116E+12
     28000   0.019 -0.115E+12 -0.119E+12
     29000   0.020 -0.115E+12 -0.121E+12
     30000   0.020 -0.119E+12 -0.123E+12
     31000   0.021 -0.124E+12 -0.121E+12
     32000   0.022 -0.124E+12 -0.121E+12
     33000   0.022 -0.120E+12 -0.119E+12
     34000   0.023 -0.122E+12 -0.122E+12
     35000   0.024 -0.125E+12 -0.121E+12
     36000   0.025 -0.120E+12 -0.118E+12
     37000   0.025 -0.118E+12 -0.115E+12
     38000   0.026 -0.113E+12 -0.113E+12
     39000   0.027 -0.111E+12 -0.110E+12
     40000   0.027 -0.111E+12 -0.112E+12
     41000   0.028 -0.122E+12 -0.124E+12
     42000   0.029 -0.394E+12 -0.388E+12
     43000   0.029 -0.363E+12 -0.380E+12
     44000   0.030 -0.240E+12 -0.271E+12
     45000   0.031 -0.122E+12 -0.164E+12
     46000   0.031 -0.104E+12 -0.117E+12
     47000   0.032 -0.826E+11 -0.786E+11
     48000   0.033 -0.733E+11 -0.632E+11
     49000   0.033 -0.571E+11 -0.594E+11
     50000   0.034 -0.399E+11 -0.555E+11
     51000   0.035 -0.314E+11 -0.535E+11
     52000   0.035 -0.297E+11 -0.475E+11
     53000   0.036 -0.308E+11 -0.402E+11
     54000   0.037 -0.299E+11 -0.343E+11
     55000   0.037 -0.289E+11 -0.322E+11
     56000   0.038 -0.262E+11 -0.328E+11
     57000   0.039 -0.236E+11 -0.333E+11
     58000   0.040 -0.222E+11 -0.341E+11
     59000   0.040 -0.220E+11 -0.328E+11
     60000   0.041 -0.225E+11 -0.310E+11
     61000   0.042 -0.226E+11 -0.293E+11
     62000   0.042 -0.220E+11 -0.281E+11
     63000   0.043 -0.210E+11 -0.281E+11
     64000   0.044 -0.202E+11 -0.285E+11
     65000   0.044 -0.216E+11 -0.316E+11
     66000   0.045 -0.242E+11 -0.372E+11
     67000   0.046 -0.230E+11 -0.365E+11
     68000   0.046 -0.238E+11 -0.355E+11
     69000   0.047 -0.234E+11 -0.331E+11
     70000   0.048 -0.245E+11 -0.312E+11
     71000   0.048 -0.264E+11 -0.308E+11
     72000   0.049 -0.296E+11 -0.337E+11
     73000   0.050 -0.332E+11 -0.402E+11
     74000   0.050 -0.327E+11 -0.411E+11
     75000   0.051 -0.318E+11 -0.423E+11
     76000   0.052 -0.313E+11 -0.448E+11
     77000   0.052 -0.320E+11 -0.439E+11
     78000   0.053 -0.329E+11 -0.442E+11
     79000   0.054 -0.554E+11 -0.594E+11
     80000   0.055 -0.766E+11 -0.608E+11
     81000   0.055 -0.388E+12 -0.348E+12
     82000   0.056 -0.473E+12 -0.465E+12
     83000   0.057 -0.488E+12 -0.515E+12
     84000   0.057 -0.463E+12 -0.500E+12
     85000   0.058 -0.422E+12 -0.453E+12
     86000   0.059 -0.340E+12 -0.391E+12
     87000   0.059 -0.247E+12 -0.293E+12
     88000   0.060 -0.163E+12 -0.201E+12
     89000   0.061 -0.105E+12 -0.147E+12
     90000   0.061 -0.706E+11 -0.106E+12
     91000   0.062 -0.474E+12 -0.504E+12
     92000   0.063 -0.541E+12 -0.526E+12
     93000   0.063 -0.329E+12 -0.336E+12
     94000   0.064 -0.122E+12 -0.148E+12
     95000   0.065 -0.114E+12 -0.136E+12
     96000   0.065 -0.119E+12 -0.139E+12
     97000   0.066 -0.874E+11 -0.110E+12
     98000   0.067 -0.761E+11 -0.100E+12
     99000   0.067 -0.759E+11 -0.117E+12
    100000   0.068 -0.743E+11 -0.116E+12
    101000   0.069 -0.726E+11 -0.118E+12
    102000   0.069 -0.752E+11 -0.109E+12
    103000   0.070 -0.734E+11 -0.999E+11
    104000   0.071 -0.765E+11 -0.968E+11
    105000   0.072 -0.756E+11 -0.100E+12
    106000   0.072 -0.725E+11 -0.106E+12
    107000   0.073 -0.694E+11 -0.109E+12
    108000   0.074 -0.745E+11 -0.107E+12
    109000   0.074 -0.919E+11 -0.117E+12
    110000   0.075 -0.494E+12 -0.480E+12
    111000   0.076 -0.438E+12 -0.428E+12
    112000   0.076 -0.333E+12 -0.331E+12
    113000   0.077 -0.157E+12 -0.195E+12
    114000   0.078 -0.128E+12 -0.160E+12
    115000   0.078 -0.134E+12 -0.151E+12
    116000   0.079 -0.115E+12 -0.122E+12
    117000   0.080 -0.108E+12 -0.105E+12
    118000   0.080 -0.886E+11 -0.930E+11
    119000   0.081 -0.769E+11 -0.931E+11
    120000   0.082 -0.639E+11 -0.901E+11
    121000   0.082 -0.581E+11 -0.905E+11
    122000   0.083 -0.524E+11 -0.843E+11
    123000   0.084 -0.537E+11 -0.788E+11
    124000   0.084 -0.516E+11 -0.692E+11
    125000   0.085 -0.496E+11 -0.624E+11
    126000   0.086 -0.464E+11 -0.565E+11
    127000   0.087 -0.427E+11 -0.538E+11
    128000   0.087 -0.380E+11 -0.511E+11
    129000   0.088 -0.336E+11 -0.492E+11
    130000   0.089 -0.296E+11 -0.477E+11
    131000   0.089 -0.247E+11 -0.447E+11
    132000   0.090 -0.430E+11 -0.638E+11
    133000   0.091 -0.436E+12 -0.411E+12
    134000   0.091 -0.497E+12 -0.483E+12
    135000   0.092 -0.424E+12 -0.438E+12
    136000   0.093 -0.389E+12 -0.405E+12
    137000   0.093 -0.283E+12 -0.314E+12
    138000   0.094 -0.149E+12 -0.189E+12
    139000   0.095 -0.580E+11 -0.810E+11
    140000   0.095 -0.566E+10 -0.114E+11
    141000   0.096  0.179E+11  0.380E+11
    142000   0.097  0.264E+11  0.572E+11
    143000   0.097  0.380E+11  0.780E+11
    144000   0.098  0.512E+11  0.790E+11
    145000   0.099  0.491E+11  0.725E+11
    146000   0.099  0.558E+11  0.721E+11
    147000   0.100  0.449E+11  0.576E+11
    148000   0.101 -0.481E+12 -0.480E+12
    149000   0.102 -0.524E+12 -0.476E+12
    150000   0.102 -0.334E+12 -0.211E+12
    151000   0.103 -0.107E+12  0.380E+11
    152000   0.104  0.818E+10  0.793E+11
    153000   0.104  0.477E+11  0.584E+11
    154000   0.105  0.952E+11  0.608E+11
    155000   0.106  0.114E+12  0.946E+11
    156000   0.106  0.120E+12  0.127E+12
    157000   0.107  0.127E+12  0.152E+12
    158000   0.108  0.132E+12  0.157E+12
    159000   0.108  0.136E+12  0.164E+12
    160000   0.109  0.149E+12  0.163E+12
    161000   0.110  0.161E+12  0.164E+12
    162000   0.110  0.171E+12  0.168E+12
    163000   0.111  0.135E+12  0.154E+12
    164000   0.112 -0.529E+12 -0.534E+12
    165000   0.112 -0.354E+12 -0.392E+12
    166000   0.113 -0.228E+12 -0.269E+12
    167000   0.114 -0.221E+11 -0.504E+11
    168000   0.114  0.172E+11 -0.171E+10
    169000   0.115 -0.175E+11  0.100E+11
    170000   0.116 -0.809E+10  0.380E+11
    171000   0.116  0.170E+11  0.423E+11
    172000   0.117  0.153E+11  0.488E+11
    173000   0.118  0.157E+11  0.383E+11
    174000   0.119  0.340E+11  0.394E+11
    175000   0.119  0.415E+11  0.374E+11
    176000   0.120  0.438E+11  0.325E+11
    177000   0.121  0.419E+11  0.253E+11
    178000   0.121  0.344E+11  0.245E+11
    179000   0.122  0.267E+11  0.216E+11
    180000   0.123  0.238E+11  0.270E+11
    181000   0.123  0.263E+11  0.302E+11
    182000   0.124  0.259E+11  0.181E+11
    183000   0.125  0.105E+11 -0.495E+10
    184000   0.125 -0.475E+12 -0.467E+12
    185000   0.126 -0.516E+12 -0.513E+12
    186000   0.127 -0.418E+12 -0.444E+12
    187000   0.127 -0.258E+12 -0.293E+12
    188000   0.128 -0.715E+11 -0.116E+12
    189000   0.129 -0.482E+11 -0.628E+11
    190000   0.129 -0.538E+11 -0.363E+11
    191000   0.130 -0.401E+11 -0.169E+11
    192000   0.131 -0.338E+11 -0.855E+10
    193000   0.131 -0.180E+11 -0.368E+10
    194000   0.132 -0.394E+10 -0.288E+10
    195000   0.133  0.291E+10 -0.854E+09
    196000   0.134  0.693E+10  0.318E+10
    197000   0.134 -0.398E+10  0.560E+10
    198000   0.135  0.215E+10  0.121E+11
    199000   0.136  0.449E+10  0.174E+11
    200000   0.136  0.834E+10  0.173E+11
    201000   0.137  0.910E+10  0.157E+11
    202000   0.138  0.110E+11  0.167E+11
    203000   0.138  0.777E+10  0.178E+11
    204000   0.139  0.652E+10  0.182E+11
    205000   0.140  0.724E+10  0.225E+11
    206000   0.140  0.109E+11  0.223E+11
    207000   0.141  0.117E+11  0.215E+11
    208000   0.142  0.106E+11  0.206E+11
    209000   0.142  0.112E+11  0.199E+11
    210000   0.143  0.118E+11  0.202E+11
    211000   0.144  0.104E+11  0.211E+11
    212000   0.144  0.122E+11  0.218E+11
    213000   0.145  0.129E+11  0.209E+11
    214000   0.146  0.114E+11  0.145E+11
    215000   0.146  0.119E+11  0.165E+11
    216000   0.147  0.110E+11  0.160E+11
    217000   0.148  0.126E+11  0.168E+11
    218000   0.149  0.118E+11  0.167E+11
    219000   0.149 -0.242E+10 -0.580E+10
    220000   0.150 -0.417E+12 -0.396E+12
    221000   0.151 -0.452E+12 -0.428E+12
    222000   0.151 -0.512E+12 -0.524E+12
    223000   0.152 -0.487E+12 -0.477E+12
    224000   0.153 -0.425E+12 -0.451E+12
    225000   0.153 -0.284E+12 -0.357E+12
    226000   0.154 -0.147E+12 -0.231E+12
    227000   0.155 -0.812E+11 -0.147E+12
    228000   0.155 -0.334E+12 -0.370E+12
    229000   0.156 -0.508E+12 -0.518E+12
    230000   0.157 -0.516E+12 -0.323E+12
    231000   0.157 -0.346E+12 -0.117E+12
    232000   0.158 -0.135E+12  0.494E+11
    233000   0.159 -0.745E+11  0.489E+11
    234000   0.159 -0.271E+10 -0.301E+11
    235000   0.160  0.708E+11 -0.477E+11
    236000   0.161  0.876E+11 -0.265E+11
    237000   0.161  0.718E+11 -0.461E+10
    238000   0.162  0.493E+11  0.419E+11
    239000   0.163  0.290E+11  0.739E+11
    240000   0.164  0.213E+11  0.719E+11
    241000   0.164  0.306E+11  0.556E+11
    242000   0.165  0.484E+11  0.345E+11
    243000   0.166  0.665E+11  0.250E+11
    244000   0.166  0.477E+11  0.773E+09
    245000   0.167 -0.449E+12 -0.458E+12
    246000   0.168 -0.508E+12 -0.521E+12
    247000   0.168 -0.388E+12 -0.371E+12
    248000   0.169 -0.219E+12 -0.212E+12
    249000   0.170 -0.676E+11 -0.667E+11
    250000   0.170 -0.769E+10 -0.297E+11
    251000   0.171 -0.271E+11 -0.589E+11
    252000   0.172 -0.149E+11 -0.439E+11
    253000   0.172 -0.944E+10 -0.261E+11
    254000   0.173 -0.760E+10 -0.143E+11
    255000   0.174 -0.521E+10  0.213E+10
    256000   0.174 -0.886E+10  0.606E+09
    257000   0.175 -0.154E+11 -0.725E+10
    258000   0.176 -0.222E+11 -0.113E+11
    259000   0.176 -0.178E+11 -0.149E+11
    260000   0.177 -0.274E+11 -0.262E+11
    261000   0.178 -0.245E+11 -0.299E+11
    262000   0.178 -0.142E+11 -0.252E+11
    263000   0.179 -0.115E+11 -0.267E+11
    264000   0.180 -0.725E+10 -0.249E+11
    265000   0.181 -0.203E+11 -0.291E+11
    266000   0.181 -0.422E+11 -0.462E+11
    267000   0.182 -0.375E+11 -0.385E+11
    268000   0.183 -0.426E+12 -0.423E+12
    269000   0.183 -0.501E+12 -0.499E+12
    270000   0.184 -0.456E+12 -0.459E+12
    271000   0.185 -0.378E+12 -0.378E+12
    272000   0.185 -0.240E+12 -0.254E+12
    273000   0.186 -0.105E+12 -0.118E+12
    274000   0.187 -0.574E+11 -0.736E+11
    275000   0.187 -0.291E+11 -0.337E+11
    276000   0.188 -0.230E+11 -0.293E+11
    277000   0.189 -0.330E+11 -0.375E+11
    278000   0.189 -0.460E+12 -0.436E+12
    279000   0.190 -0.507E+12 -0.510E+12
    280000   0.191 -0.513E+12 -0.457E+12
    281000   0.191 -0.452E+12 -0.267E+12
    282000   0.192 -0.286E+12 -0.125E+12
    283000   0.193 -0.108E+12  0.707E+10
    284000   0.193 -0.473E+11  0.348E+11
    285000   0.194 -0.268E+10 -0.159E+11
    286000   0.195  0.226E+11 -0.353E+11
    287000   0.196  0.685E+11 -0.904E+09
    288000   0.196  0.732E+11  0.760E+10
    289000   0.197  0.756E+11  0.385E+11
    290000   0.198  0.750E+11  0.710E+11
    291000   0.198  0.662E+11  0.996E+11
    292000   0.199  0.779E+11  0.114E+12
    293000   0.200  0.488E+11  0.875E+11
    294000   0.200 -0.394E+12 -0.419E+12
    295000   0.201 -0.469E+12 -0.488E+12
    296000   0.202 -0.404E+12 -0.433E+12
    297000   0.202 -0.320E+12 -0.325E+12
    298000   0.203 -0.179E+12 -0.165E+12
    299000   0.204  0.405E+11 -0.216E+09
    300000   0.204  0.867E+11  0.200E+11
    301000   0.205  0.881E+11  0.198E+11
    302000   0.206  0.970E+11  0.126E+11
    303000   0.206  0.113E+12  0.438E+11
    304000   0.207  0.108E+12  0.646E+11
    305000   0.208  0.972E+11  0.793E+11
    306000   0.208  0.952E+11  0.102E+12
    307000   0.209  0.840E+11  0.105E+12
    308000   0.210  0.884E+11  0.101E+12
    309000   0.211  0.878E+11  0.920E+11
    310000   0.211  0.903E+11  0.754E+11
    311000   0.212  0.983E+11  0.718E+11
    312000   0.213  0.976E+11  0.629E+11
    313000   0.213  0.999E+11  0.620E+11
    314000   0.214  0.802E+11  0.484E+11
    315000   0.215 -0.365E+12 -0.366E+12
    316000   0.215 -0.483E+12 -0.479E+12
    317000   0.216 -0.461E+12 -0.437E+12
    318000   0.217 -0.403E+12 -0.362E+12
    319000   0.217 -0.273E+12 -0.219E+12
    320000   0.218 -0.994E+11 -0.523E+11
    321000   0.219 -0.402E+11 -0.480E+10
    322000   0.219  0.655E+10  0.185E+11
    323000   0.220  0.526E+10 -0.830E+10
    324000   0.221  0.142E+11 -0.125E+11
    325000   0.221  0.151E+11 -0.121E+10
    326000   0.222  0.637E+10 -0.287E+10
    327000   0.223  0.913E+10  0.820E+10
    328000   0.223  0.156E+11  0.160E+11
    329000   0.224  0.154E+11  0.156E+11
    330000   0.225  0.168E+11  0.180E+11
    331000   0.226  0.126E+11  0.190E+11
    332000   0.226  0.151E+11  0.187E+11
    333000   0.227  0.188E+11  0.160E+11
    334000   0.228  0.193E+11  0.163E+11
    335000   0.228  0.222E+11  0.160E+11
    336000   0.229  0.196E+11  0.188E+11
    337000   0.230  0.125E+11  0.171E+11
    338000   0.230 -0.236E+11 -0.117E+11
    339000   0.231 -0.474E+12 -0.477E+12
    340000   0.232 -0.549E+12 -0.557E+12
    341000   0.232 -0.500E+12 -0.455E+12
    342000   0.233 -0.356E+12 -0.221E+12
    343000   0.234 -0.107E+12  0.787E+10
    344000   0.234 -0.224E+11  0.912E+11
    345000   0.235 -0.899E+10  0.102E+12
    346000   0.236  0.115E+11  0.816E+11
    347000   0.236  0.617E+11  0.120E+12
    348000   0.237  0.104E+12  0.122E+12
    349000   0.238  0.143E+12  0.143E+12
    350000   0.238  0.159E+12  0.155E+12
    351000   0.239  0.170E+12  0.159E+12
    352000   0.240  0.164E+12  0.173E+12
    353000   0.240  0.160E+12  0.187E+12
    354000   0.241  0.164E+12  0.200E+12
    355000   0.242  0.154E+12  0.200E+12
    356000   0.243 -0.458E+12 -0.472E+12
    357000   0.243 -0.520E+12 -0.522E+12
    358000   0.244 -0.405E+12 -0.386E+12
    359000   0.245 -0.267E+12 -0.286E+12
    360000   0.245 -0.773E+11 -0.991E+11
    361000   0.246 -0.247E+11 -0.386E+11
    362000   0.247 -0.167E+11 -0.418E+11
    363000   0.247 -0.164E+11 -0.325E+11
    364000   0.248  0.166E+11  0.543E+10
    365000   0.249  0.258E+11  0.327E+11
    366000   0.249  0.363E+11  0.484E+11
    367000   0.250  0.330E+11  0.534E+11
    368000   0.251  0.370E+11  0.535E+11
    369000   0.251  0.338E+11  0.392E+11
    370000   0.252  0.362E+11  0.319E+11
    371000   0.253  0.334E+11  0.261E+11
    372000   0.253  0.323E+11  0.212E+11
    373000   0.254  0.262E+11  0.174E+11
    374000   0.255  0.159E+11  0.741E+10
    375000   0.255  0.769E+10  0.267E+10
    376000   0.256  0.109E+10  0.207E+08
    377000   0.257 -0.187E+11 -0.144E+11
    378000   0.258 -0.217E+11 -0.192E+11
    379000   0.258 -0.448E+12 -0.457E+12
    380000   0.259 -0.513E+12 -0.516E+12
    381000   0.260 -0.459E+12 -0.447E+12
    382000   0.260 -0.336E+12 -0.328E+12
    383000   0.261 -0.186E+12 -0.179E+12
    384000   0.262 -0.915E+11 -0.764E+11
    385000   0.262 -0.604E+11 -0.413E+11
    386000   0.263 -0.572E+11 -0.582E+11
    387000   0.264 -0.592E+11 -0.641E+11
    388000   0.264 -0.539E+11 -0.555E+11
    389000   0.265 -0.538E+11 -0.576E+11
    390000   0.266 -0.559E+11 -0.574E+11
    391000   0.266 -0.495E+11 -0.438E+11
    392000   0.267 -0.549E+11 -0.459E+11
    393000   0.268 -0.583E+11 -0.430E+11
    394000   0.268 -0.563E+11 -0.401E+11
    395000   0.269 -0.767E+11 -0.626E+11
    396000   0.270 -0.475E+12 -0.458E+12
    397000   0.270 -0.557E+12 -0.546E+12
    398000   0.271 -0.473E+12 -0.483E+12
    399000   0.272 -0.344E+12 -0.277E+12
    400000   0.273 -0.138E+12 -0.283E+11
    401000   0.273 -0.152E+12 -0.165E+11
    402000   0.274 -0.190E+12 -0.375E+10
    403000   0.275 -0.176E+12 -0.130E+11
    404000   0.275 -0.109E+12  0.135E+11
    405000   0.276 -0.622E+11 -0.107E+10
    406000   0.277 -0.164E+11 -0.165E+11
    407000   0.277 -0.848E+10 -0.376E+11
    408000   0.278 -0.112E+10 -0.443E+11
    409000   0.279 -0.206E+11 -0.422E+11
    410000   0.279 -0.286E+11 -0.283E+11
    411000   0.280 -0.435E+11 -0.144E+11
    412000   0.281 -0.494E+11 -0.200E+10
    413000   0.281 -0.648E+11 -0.184E+11
    414000   0.282 -0.436E+12 -0.439E+12
    415000   0.283 -0.512E+12 -0.516E+12
    416000   0.283 -0.426E+12 -0.428E+12
    417000   0.284 -0.293E+12 -0.330E+12
    418000   0.285 -0.953E+11 -0.135E+12
    419000   0.285 -0.461E+11 -0.794E+11
    420000   0.286 -0.134E+11 -0.430E+11
    421000   0.287 -0.509E+11 -0.591E+11
    422000   0.288 -0.526E+11 -0.424E+11
    423000   0.288 -0.357E+11 -0.219E+11
    424000   0.289 -0.441E+11 -0.240E+11
    425000   0.290 -0.264E+11 -0.129E+10
    426000   0.290 -0.258E+11 -0.117E+11
    427000   0.291 -0.185E+11 -0.110E+11
    428000   0.292 -0.169E+11 -0.108E+11
    429000   0.292 -0.104E+11 -0.759E+10
    430000   0.293 -0.221E+10 -0.318E+10
    431000   0.294 -0.259E+10  0.113E+09
    432000   0.294 -0.184E+10  0.358E+10
    433000   0.295  0.211E+09  0.788E+10
    434000   0.296  0.501E+10  0.128E+11
    435000   0.296 -0.851E+10 -0.683E+09
    436000   0.297 -0.399E+12 -0.394E+12
    437000   0.298 -0.469E+12 -0.460E+12
    438000   0.298 -0.474E+12 -0.479E+12
    439000   0.299 -0.408E+12 -0.428E+12
    440000   0.300 -0.275E+12 -0.329E+12
    441000   0.300 -0.132E+12 -0.157E+12
    442000   0.301 -0.730E+10 -0.272E+11
    443000   0.302  0.255E+11  0.233E+11
    444000   0.302  0.441E+11  0.374E+11
    445000   0.303  0.515E+10  0.222E+11
    446000   0.304 -0.449E+12 -0.451E+12
    447000   0.305 -0.554E+12 -0.561E+12
    448000   0.305 -0.321E+12 -0.481E+12
    449000   0.306 -0.112E+12 -0.296E+12
    450000   0.307  0.825E+11 -0.444E+11
    451000   0.307  0.101E+12 -0.298E+11
    452000   0.308  0.610E+11  0.133E+11
    453000   0.309  0.522E+11  0.622E+11
    454000   0.309  0.922E+11  0.108E+12
    455000   0.310  0.951E+11  0.142E+12
    456000   0.311  0.125E+12  0.143E+12
    457000   0.311  0.149E+12  0.132E+12
    458000   0.312  0.162E+12  0.136E+12
    459000   0.313  0.179E+12  0.134E+12
    460000   0.313  0.180E+12  0.146E+12
    461000   0.314  0.166E+12  0.145E+12
    462000   0.315 -0.465E+12 -0.473E+12
    463000   0.315 -0.544E+12 -0.543E+12
    464000   0.316 -0.446E+12 -0.396E+12
    465000   0.317 -0.267E+12 -0.225E+12
    466000   0.317 -0.972E+10  0.278E+11
    467000   0.318  0.417E+11  0.682E+11
    468000   0.319  0.419E+11  0.649E+11
    469000   0.320  0.414E+11  0.553E+11
    470000   0.320  0.764E+11  0.820E+11
    471000   0.321  0.765E+11  0.747E+11
    472000   0.322  0.891E+11  0.873E+11
    473000   0.322  0.818E+11  0.902E+11
    474000   0.323  0.769E+11  0.920E+11
    475000   0.324  0.636E+11  0.885E+11
    476000   0.324  0.567E+11  0.822E+11
    477000   0.325  0.572E+11  0.814E+11
    478000   0.326  0.588E+11  0.770E+11
    479000   0.326  0.612E+11  0.716E+11
    480000   0.327  0.570E+11  0.681E+11
    481000   0.328  0.564E+11  0.637E+11
    482000   0.328  0.545E+11  0.605E+11
    483000   0.329  0.510E+11  0.587E+11
    484000   0.330  0.362E+11  0.419E+11
    485000   0.330 -0.477E+12 -0.476E+12
    486000   0.331 -0.530E+12 -0.525E+12
    487000   0.332 -0.473E+12 -0.482E+12
    488000   0.332 -0.316E+12 -0.352E+12
    489000   0.333 -0.119E+12 -0.153E+12
    490000   0.334 -0.126E+11 -0.377E+11
    491000   0.335  0.591E+10  0.214E+10
    492000   0.335 -0.272E+11 -0.201E+11
    493000   0.336 -0.253E+11 -0.113E+11
    494000   0.337 -0.239E+11 -0.114E+11
    495000   0.337 -0.228E+11 -0.933E+10
    496000   0.338 -0.124E+11 -0.683E+08
    497000   0.339 -0.924E+10  0.113E+10
    498000   0.339 -0.126E+11 -0.297E+10
    499000   0.340 -0.989E+10 -0.659E+10
    500000   0.341 -0.969E+10 -0.791E+10
    501000   0.341 -0.952E+10 -0.108E+11
    502000   0.342 -0.772E+10 -0.115E+11
    503000   0.343 -0.643E+10 -0.974E+10
    504000   0.343 -0.779E+10 -0.860E+10
    505000   0.344 -0.105E+11 -0.718E+10
    506000   0.345 -0.146E+11 -0.985E+10
    507000   0.345 -0.152E+11 -0.115E+11
    508000   0.346 -0.151E+11 -0.126E+11
    509000   0.347 -0.132E+11 -0.109E+11
    510000   0.347 -0.123E+11 -0.132E+11
    511000   0.348 -0.126E+11 -0.134E+11
    512000   0.349 -0.134E+11 -0.150E+11
    513000   0.349 -0.157E+11 -0.180E+11
    514000   0.350 -0.186E+11 -0.198E+11
    515000   0.351 -0.202E+11 -0.210E+11
    516000   0.352 -0.223E+11 -0.225E+11
    517000   0.352 -0.244E+11 -0.242E+11
    518000   0.353 -0.262E+11 -0.258E+11
    519000   0.354 -0.281E+11 -0.277E+11
    520000   0.354 -0.303E+11 -0.302E+11
    521000   0.355 -0.322E+11 -0.331E+11
    522000   0.356 -0.342E+11 -0.352E+11
    523000   0.356 -0.371E+11 -0.375E+11
    524000   0.357 -0.414E+11 -0.421E+11
    525000   0.358 -0.458E+11 -0.470E+11
    526000   0.358 -0.476E+11 -0.495E+11
    527000   0.359 -0.511E+11 -0.527E+11
    528000   0.360 -0.127E+12 -0.118E+12
    529000   0.360 -0.481E+12 -0.474E+12
    530000   0.361 -0.609E+12 -0.598E+12
    531000   0.362 -0.403E+12 -0.537E+12
    532000   0.362 -0.194E+12 -0.402E+12
    533000   0.363  0.459E+11 -0.179E+12
    534000   0.364  0.883E+11 -0.159E+12
    535000   0.364  0.353E+11 -0.120E+12
    536000   0.365 -0.139E+11 -0.129E+12
    537000   0.366 -0.287E+11 -0.223E+11
    538000   0.367 -0.299E+11  0.118E+11
    539000   0.367 -0.297E+11  0.350E+11
    540000   0.368 -0.210E+11  0.243E+11
    541000   0.369 -0.224E+11  0.135E+11
    542000   0.369  0.208E+10 -0.506E+10
    543000   0.370  0.225E+11 -0.235E+11
    544000   0.371  0.255E+11 -0.301E+11
    545000   0.371  0.990E+09 -0.388E+11
    546000   0.372 -0.448E+12 -0.442E+12
    547000   0.373 -0.543E+12 -0.532E+12
    548000   0.373 -0.438E+12 -0.453E+12
    549000   0.374 -0.282E+12 -0.323E+12
    550000   0.375 -0.655E+11 -0.931E+11
    551000   0.375 -0.457E+11 -0.930E+11
    552000   0.376 -0.385E+11 -0.915E+11
    553000   0.377 -0.711E+11 -0.109E+12
    554000   0.377 -0.619E+11 -0.902E+11
    555000   0.378 -0.499E+11 -0.693E+11
    556000   0.379 -0.476E+11 -0.555E+11
    557000   0.379 -0.418E+11 -0.468E+11
    558000   0.380 -0.455E+11 -0.494E+11
    559000   0.381 -0.496E+11 -0.610E+11
    560000   0.382 -0.497E+11 -0.717E+11
    561000   0.382 -0.472E+11 -0.759E+11
    562000   0.383 -0.451E+11 -0.767E+11
    563000   0.384 -0.473E+11 -0.795E+11
    564000   0.384 -0.494E+11 -0.760E+11
    565000   0.385 -0.512E+11 -0.737E+11
    566000   0.386 -0.676E+11 -0.817E+11
    567000   0.386 -0.244E+12 -0.213E+12
    568000   0.387 -0.475E+12 -0.450E+12
    569000   0.388 -0.547E+12 -0.534E+12
    570000   0.388 -0.479E+12 -0.478E+12
    571000   0.389 -0.349E+12 -0.385E+12
    572000   0.390 -0.203E+12 -0.225E+12
    573000   0.390 -0.816E+11 -0.114E+12
    574000   0.391 -0.456E+11 -0.735E+11
    575000   0.392 -0.597E+11 -0.500E+11
    576000   0.392 -0.657E+11 -0.459E+11
    577000   0.393 -0.595E+11 -0.310E+11
    578000   0.394 -0.581E+11 -0.319E+11
    579000   0.394 -0.477E+11 -0.339E+11
    580000   0.395 -0.303E+11 -0.329E+11
    581000   0.396 -0.171E+11 -0.298E+11
    582000   0.397 -0.129E+11 -0.330E+11
    583000   0.397 -0.731E+10 -0.280E+11
    584000   0.398 -0.376E+10 -0.216E+11
    585000   0.399 -0.296E+10 -0.127E+11
    586000   0.399 -0.629E+10 -0.136E+11
    587000   0.400 -0.281E+10 -0.646E+10
    588000   0.401 -0.305E+10 -0.993E+10
    589000   0.401 -0.207E+10 -0.759E+10
    590000   0.402  0.782E+10 -0.399E+10
    591000   0.403  0.125E+11 -0.403E+10
    592000   0.403  0.153E+11 -0.212E+09
    593000   0.404  0.175E+11  0.377E+10
    594000   0.405  0.192E+11  0.698E+10
    595000   0.405  0.151E+11  0.787E+10
    596000   0.406  0.155E+11  0.907E+10
    597000   0.407  0.172E+11  0.134E+11
    598000   0.407  0.159E+11  0.143E+11
    599000   0.408  0.185E+11  0.152E+11
    600000   0.409 -0.740E+10 -0.164E+11
    601000   0.409 -0.438E+12 -0.456E+12
    602000   0.410 -0.492E+12 -0.507E+12
    603000   0.411 -0.518E+12 -0.545E+12
    604000   0.411 -0.498E+12 -0.475E+12
    605000   0.412 -0.381E+12 -0.374E+12
    606000   0.413 -0.228E+12 -0.199E+12
    607000   0.414 -0.805E+11 -0.522E+11
    608000   0.414 -0.288E+10  0.137E+11
    609000   0.415 -0.197E+11  0.256E+11
    610000   0.416 -0.407E+11 -0.109E+10
    611000   0.416 -0.836E+11 -0.759E+11
    612000   0.417 -0.512E+12 -0.495E+12
    613000   0.418 -0.530E+12 -0.524E+12
    614000   0.418 -0.538E+12 -0.546E+12
    615000   0.419 -0.427E+12 -0.355E+12
    616000   0.420 -0.192E+12 -0.911E+11
    617000   0.420 -0.900E+10  0.830E+11
    618000   0.421  0.373E+11  0.961E+11
    619000   0.422  0.413E+11  0.515E+11
    620000   0.422  0.820E+11  0.362E+11
    621000   0.423  0.149E+12  0.934E+11
    622000   0.424  0.172E+12  0.108E+12
    623000   0.424  0.189E+12  0.136E+12
    624000   0.425  0.184E+12  0.161E+12
    625000   0.426  0.173E+12  0.187E+12
    626000   0.426  0.174E+12  0.198E+12
    627000   0.427  0.171E+12  0.208E+12
    628000   0.428  0.169E+12  0.202E+12
    629000   0.429 -0.441E+12 -0.448E+12
    630000   0.429 -0.553E+12 -0.558E+12
    631000   0.430 -0.446E+12 -0.484E+12
    632000   0.431 -0.283E+12 -0.310E+12
    633000   0.431 -0.277E+11 -0.588E+11
    634000   0.432  0.709E+11  0.358E+11
    635000   0.433  0.667E+11  0.664E+11
    636000   0.433  0.416E+11  0.392E+11
    637000   0.434  0.307E+11  0.621E+11
    638000   0.435  0.466E+11  0.924E+11
    639000   0.435  0.589E+11  0.966E+11
    640000   0.436  0.873E+11  0.103E+12
    641000   0.437  0.913E+11  0.937E+11
    642000   0.437  0.897E+11  0.630E+11
    643000   0.438  0.955E+11  0.610E+11
    644000   0.439  0.887E+11  0.543E+11
    645000   0.439  0.828E+11  0.626E+11
    646000   0.440  0.770E+11  0.729E+11
    647000   0.441  0.662E+11  0.797E+11
    648000   0.441  0.573E+11  0.813E+11
    649000   0.442  0.360E+11  0.657E+11
    650000   0.443  0.250E+11  0.638E+11
    651000   0.444 -0.476E+12 -0.484E+12
    652000   0.444 -0.553E+12 -0.554E+12
    653000   0.445 -0.417E+12 -0.459E+12
    654000   0.446 -0.219E+12 -0.307E+12
    655000   0.446 -0.179E+11 -0.108E+12
    656000   0.447  0.645E+10 -0.198E+11
    657000   0.448  0.132E+11  0.164E+11
    658000   0.448 -0.314E+11 -0.132E+11
    659000   0.449 -0.916E+11 -0.436E+10
    660000   0.450 -0.101E+12  0.234E+10
    661000   0.450 -0.742E+11  0.231E+10
    662000   0.451 -0.436E+11  0.243E+10
    663000   0.452 -0.134E+11  0.101E+10
    664000   0.452 -0.105E+11 -0.162E+11
    665000   0.453 -0.211E+11 -0.409E+11
    666000   0.454 -0.245E+11 -0.470E+11
    667000   0.454 -0.343E+11 -0.455E+11
    668000   0.455 -0.377E+11 -0.346E+11
    669000   0.456 -0.399E+11 -0.235E+11
    670000   0.456 -0.410E+11 -0.162E+11
    671000   0.457 -0.450E+11 -0.202E+11
    672000   0.458 -0.548E+11 -0.252E+11
    673000   0.459 -0.563E+11 -0.302E+11
    674000   0.459 -0.547E+11 -0.384E+11
    675000   0.460 -0.504E+11 -0.416E+11
    676000   0.461 -0.468E+11 -0.454E+11
    677000   0.461 -0.439E+11 -0.485E+11
    678000   0.462 -0.450E+11 -0.502E+11
    679000   0.463 -0.501E+11 -0.516E+11
    680000   0.463 -0.563E+11 -0.535E+11
    681000   0.464 -0.693E+11 -0.571E+11
    682000   0.465 -0.831E+11 -0.616E+11
    683000   0.465 -0.917E+11 -0.623E+11
    684000   0.466 -0.966E+11 -0.658E+11
    685000   0.467 -0.101E+12 -0.686E+11
    686000   0.467 -0.148E+12 -0.125E+12
    687000   0.468 -0.501E+12 -0.505E+12
    688000   0.469 -0.589E+12 -0.591E+12
    689000   0.469 -0.564E+12 -0.540E+12
    690000   0.470 -0.455E+12 -0.342E+12
    691000   0.471 -0.241E+12 -0.245E+11
    692000   0.471 -0.136E+12 -0.228E+11
    693000   0.472 -0.128E+12 -0.344E+11
    694000   0.473 -0.106E+12 -0.969E+11
    695000   0.473 -0.296E+11 -0.895E+11
    696000   0.474 -0.194E+11 -0.548E+11
    697000   0.475  0.192E+10 -0.351E+11
    698000   0.476 -0.191E+11 -0.213E+11
    699000   0.476 -0.496E+11  0.155E+10
    700000   0.477 -0.632E+11  0.312E+10
    701000   0.478 -0.645E+11  0.521E+10
    702000   0.478 -0.580E+11  0.423E+09
    703000   0.479 -0.490E+11 -0.893E+10
    704000   0.480 -0.473E+11 -0.255E+11
    705000   0.480 -0.492E+12 -0.459E+12
    706000   0.481 -0.561E+12 -0.567E+12
    707000   0.482 -0.512E+12 -0.541E+12
    708000   0.482 -0.357E+12 -0.385E+12
    709000   0.483 -0.116E+12 -0.182E+12
    710000   0.484 -0.571E+11 -0.923E+11
    711000   0.484 -0.611E+11 -0.770E+11
    712000   0.485 -0.867E+11 -0.759E+11
    713000   0.486 -0.994E+11 -0.556E+11
    714000   0.486 -0.741E+11 -0.338E+11
    715000   0.487 -0.708E+11 -0.287E+11
    716000   0.488 -0.551E+11 -0.237E+11
    717000   0.488 -0.391E+11 -0.338E+11
    718000   0.489 -0.375E+11 -0.409E+11
    719000   0.490 -0.317E+11 -0.444E+11
    720000   0.491 -0.303E+11 -0.417E+11
    721000   0.491 -0.419E+11 -0.370E+11
    722000   0.492 -0.536E+11 -0.360E+11
    723000   0.493 -0.566E+11 -0.285E+11
    724000   0.493 -0.547E+11 -0.305E+11
    725000   0.494 -0.509E+11 -0.312E+11
    726000   0.495 -0.419E+11 -0.312E+11
    727000   0.495 -0.343E+11 -0.302E+11
    728000   0.496 -0.501E+11 -0.517E+11
    729000   0.497 -0.496E+12 -0.498E+12
    730000   0.497 -0.602E+12 -0.594E+12
    731000   0.498 -0.455E+12 -0.473E+12
    732000   0.499 -0.234E+12 -0.271E+12
    733000   0.499 -0.508E+11 -0.811E+11
    734000   0.500 -0.149E+11 -0.233E+11
    735000   0.501 -0.293E+11 -0.212E+11
    736000   0.501 -0.567E+11 -0.158E+11
    737000   0.502 -0.498E+11 -0.306E+10
    738000   0.503 -0.410E+11 -0.591E+09
    739000   0.503 -0.349E+11  0.780E+10
    740000   0.504 -0.129E+11  0.135E+11
    741000   0.505 -0.273E+10  0.985E+10
    742000   0.506  0.216E+10  0.458E+10
    743000   0.506  0.565E+10  0.356E+10
    744000   0.507  0.181E+10  0.188E+10
    745000   0.508  0.118E+10  0.446E+10
    746000   0.508 -0.152E+10  0.112E+11
    747000   0.509 -0.690E+10  0.173E+11
    748000   0.510 -0.769E+10  0.234E+11
    749000   0.510 -0.807E+10  0.259E+11
    750000   0.511 -0.943E+10  0.258E+11
    751000   0.512 -0.979E+10  0.248E+11
    752000   0.512 -0.786E+10  0.233E+11
    753000   0.513 -0.386E+11 -0.141E+11
    754000   0.514 -0.522E+12 -0.522E+12
    755000   0.514 -0.648E+12 -0.629E+12
    756000   0.515 -0.441E+12 -0.522E+12
    757000   0.516 -0.216E+12 -0.262E+12
    758000   0.516  0.611E+11 -0.105E+11
    759000   0.517  0.985E+11  0.136E+11
    760000   0.518  0.273E+11  0.242E+10
    761000   0.518  0.487E+11  0.429E+11
    762000   0.519  0.113E+12  0.102E+12
    763000   0.520  0.120E+12  0.120E+12
    764000   0.521  0.148E+12  0.126E+12
    765000   0.521  0.164E+12  0.122E+12
    766000   0.522  0.151E+12  0.119E+12
    767000   0.523  0.162E+12  0.122E+12
    768000   0.523  0.166E+12  0.133E+12
    769000   0.524  0.175E+12  0.152E+12
    770000   0.525  0.170E+12  0.152E+12
    771000   0.525 -0.346E+12 -0.325E+12
    772000   0.526 -0.591E+12 -0.581E+12
    773000   0.527 -0.496E+12 -0.521E+12
    774000   0.527 -0.284E+12 -0.325E+12
    775000   0.528  0.113E+11 -0.351E+11
    776000   0.529  0.773E+11  0.482E+11
    777000   0.529  0.721E+11  0.605E+11
    778000   0.530  0.384E+11  0.453E+11
    779000   0.531  0.641E+11  0.761E+11
    780000   0.531  0.728E+11  0.873E+11
    781000   0.532  0.870E+11  0.100E+12
    782000   0.533  0.887E+11  0.866E+11
    783000   0.533  0.869E+11  0.771E+11
    784000   0.534  0.795E+11  0.605E+11
    785000   0.535  0.794E+11  0.615E+11
    786000   0.535  0.736E+11  0.610E+11
    787000   0.536  0.654E+11  0.657E+11
    788000   0.537  0.570E+11  0.692E+11
    789000   0.538  0.558E+11  0.706E+11
    790000   0.538  0.524E+11  0.613E+11
    791000   0.539  0.482E+11  0.573E+11
    792000   0.540  0.527E+11  0.501E+11
    793000   0.540  0.500E+11  0.444E+11
    794000   0.541  0.517E+11  0.464E+11
    795000   0.542  0.357E+11  0.301E+11
    796000   0.542 -0.485E+12 -0.488E+12
    797000   0.543 -0.600E+12 -0.596E+12
    798000   0.544 -0.521E+12 -0.526E+12
    799000   0.544 -0.305E+12 -0.314E+12
    800000   0.545 -0.612E+11 -0.821E+11
    801000   0.546 -0.429E+11 -0.370E+11
    802000   0.546 -0.444E+11 -0.249E+11
    803000   0.547 -0.107E+12 -0.485E+11
    804000   0.548 -0.109E+12 -0.268E+11
    805000   0.548 -0.874E+11 -0.248E+11
    806000   0.549 -0.621E+11 -0.182E+11
    807000   0.550 -0.435E+11 -0.265E+11
    808000   0.550 -0.411E+11 -0.117E+12
    809000   0.551 -0.337E+11 -0.176E+12
    810000   0.552 -0.261E+11 -0.189E+12
    811000   0.553 -0.318E+11 -0.161E+12
    812000   0.553 -0.424E+11 -0.125E+12
    813000   0.554 -0.632E+11 -0.847E+11
    814000   0.555 -0.917E+11 -0.559E+11
    815000   0.555 -0.112E+12 -0.666E+11
    816000   0.556 -0.122E+12 -0.769E+11
    817000   0.557 -0.119E+12 -0.843E+11
    818000   0.557 -0.108E+12 -0.964E+11
    819000   0.558 -0.882E+11 -0.106E+12
    820000   0.559 -0.772E+11 -0.109E+12
    821000   0.559 -0.797E+11 -0.115E+12
    822000   0.560 -0.891E+11 -0.115E+12
    823000   0.561 -0.102E+12 -0.114E+12
    824000   0.561 -0.109E+12 -0.109E+12
    825000   0.562 -0.115E+12 -0.106E+12
    826000   0.563 -0.122E+12 -0.103E+12
    827000   0.563 -0.125E+12 -0.103E+12
    828000   0.564 -0.126E+12 -0.109E+12
    829000   0.565 -0.126E+12 -0.117E+12
    830000   0.565 -0.127E+12 -0.126E+12
    831000   0.566 -0.125E+12 -0.132E+12
    832000   0.567 -0.125E+12 -0.137E+12
    833000   0.568 -0.128E+12 -0.141E+12
    834000   0.568 -0.133E+12 -0.151E+12
    835000   0.569 -0.140E+12 -0.163E+12
    836000   0.570 -0.144E+12 -0.168E+12
    837000   0.570 -0.235E+12 -0.236E+12
    838000   0.571 -0.501E+12 -0.508E+12
    839000   0.572 -0.668E+12 -0.654E+12
    840000   0.572 -0.532E+12 -0.573E+12
    841000   0.573 -0.327E+12 -0.389E+12
    842000   0.574 -0.973E+11 -0.179E+12
    843000   0.574 -0.448E+11 -0.159E+12
    844000   0.575 -0.575E+11 -0.179E+12
    845000   0.576 -0.844E+11 -0.173E+12
    846000   0.576 -0.712E+11 -0.126E+12
    847000   0.577 -0.617E+11 -0.777E+11
    848000   0.578 -0.629E+11 -0.490E+11
    849000   0.578 -0.884E+11 -0.417E+11
    850000   0.579 -0.874E+11 -0.421E+11
    851000   0.580 -0.817E+11 -0.481E+11
    852000   0.580 -0.787E+11 -0.735E+11
    853000   0.581 -0.686E+11 -0.818E+11
    854000   0.582 -0.552E+11 -0.844E+11
    855000   0.582 -0.581E+11 -0.959E+11
    856000   0.583 -0.476E+12 -0.485E+12
    857000   0.584 -0.587E+12 -0.590E+12
    858000   0.585 -0.462E+12 -0.485E+12
    859000   0.585 -0.306E+12 -0.304E+12
    860000   0.586 -0.560E+11 -0.894E+11
    861000   0.587 -0.384E+11 -0.670E+11
    862000   0.587 -0.551E+11 -0.562E+11
    863000   0.588 -0.877E+11 -0.812E+11
    864000   0.589 -0.900E+11 -0.674E+11
    865000   0.589 -0.740E+11 -0.467E+11
    866000   0.590 -0.760E+11 -0.505E+11
    867000   0.591 -0.558E+11 -0.435E+11
    868000   0.591 -0.495E+11 -0.494E+11
    869000   0.592 -0.432E+11 -0.509E+11
    870000   0.593 -0.440E+11 -0.553E+11
    871000   0.593 -0.511E+11 -0.609E+11
    872000   0.594 -0.503E+11 -0.578E+11
    873000   0.595 -0.493E+11 -0.509E+11
    874000   0.595 -0.490E+11 -0.458E+11
    875000   0.596 -0.470E+11 -0.421E+11
    876000   0.597 -0.464E+11 -0.412E+11
    877000   0.597 -0.494E+11 -0.486E+11
    878000   0.598 -0.403E+11 -0.425E+11
    879000   0.599 -0.505E+12 -0.495E+12
    880000   0.600 -0.599E+12 -0.598E+12
    881000   0.600 -0.450E+12 -0.493E+12
    882000   0.601 -0.283E+12 -0.326E+12
    883000   0.602 -0.596E+11 -0.127E+12
    884000   0.602 -0.204E+11 -0.476E+11
    885000   0.603 -0.276E+11 -0.264E+11
    886000   0.604 -0.547E+11 -0.286E+11
    887000   0.604 -0.715E+11 -0.211E+11
    888000   0.605 -0.601E+11 -0.159E+11
    889000   0.606 -0.511E+11 -0.173E+11
    890000   0.606 -0.314E+11 -0.142E+11
    891000   0.607 -0.119E+11 -0.183E+11
    892000   0.608 -0.587E+10 -0.204E+11
    893000   0.608 -0.866E+10 -0.174E+11
    894000   0.609 -0.431E+10 -0.131E+11
    895000   0.610 -0.131E+11 -0.108E+11
    896000   0.610 -0.124E+11 -0.685E+09
    897000   0.611 -0.115E+11  0.557E+10
    898000   0.612 -0.862E+10  0.570E+10
    899000   0.612 -0.763E+10  0.541E+10
    900000   0.613 -0.109E+11  0.342E+10
    901000   0.614 -0.122E+11  0.428E+09
    902000   0.615 -0.829E+10 -0.499E+10
    903000   0.615 -0.311E+10 -0.275E+10
    904000   0.616 -0.267E+10 -0.148E+10
    905000   0.617 -0.765E+10 -0.450E+10
    906000   0.617 -0.591E+10 -0.785E+10
    907000   0.618 -0.119E+11 -0.122E+11
    908000   0.619 -0.122E+11 -0.124E+11
    909000   0.619 -0.152E+11 -0.153E+11
    910000   0.620 -0.134E+11 -0.129E+11
    911000   0.621 -0.182E+11 -0.172E+11
    912000   0.621 -0.133E+11 -0.141E+11
    913000   0.622 -0.212E+11 -0.244E+11
    914000   0.623 -0.170E+11 -0.225E+11
    915000   0.623 -0.166E+11 -0.198E+11
    916000   0.624 -0.451E+11 -0.596E+11
    917000   0.625 -0.427E+12 -0.436E+12
    918000   0.625 -0.486E+12 -0.498E+12
    919000   0.626 -0.612E+12 -0.613E+12
    920000   0.627 -0.453E+12 -0.454E+12
    921000   0.627 -0.501E+12 -0.470E+12
    922000   0.628 -0.319E+12 -0.297E+12
    923000   0.629 -0.509E+12 -0.489E+12
    924000   0.630 -0.535E+12 -0.550E+12
    925000   0.630 -0.234E+12 -0.388E+12
    926000   0.631 -0.560E+10 -0.207E+12
    927000   0.632  0.512E+11 -0.160E+12
    928000   0.632  0.552E+11 -0.147E+12
    929000   0.633  0.418E+11 -0.743E+11
    930000   0.634  0.196E+11  0.793E+09
    931000   0.634  0.376E+11  0.584E+11
    932000   0.635  0.292E+11  0.894E+11
    933000   0.636  0.397E+11  0.104E+12
    934000   0.636  0.541E+11  0.858E+11
    935000   0.637  0.797E+11  0.860E+11
    936000   0.638  0.103E+12  0.696E+11
    937000   0.638  0.118E+12  0.726E+11
    938000   0.639  0.104E+12  0.666E+11
    939000   0.640 -0.527E+12 -0.515E+12
    940000   0.640 -0.602E+12 -0.597E+12
    941000   0.641 -0.447E+12 -0.375E+12
    942000   0.642 -0.284E+12 -0.156E+12
    943000   0.642  0.165E+11  0.112E+12
    944000   0.643  0.522E+11  0.840E+11
    945000   0.644  0.787E+11  0.277E+11
    946000   0.644  0.784E+11 -0.124E+11
    947000   0.645  0.965E+11 -0.591E+10
    948000   0.646  0.869E+11  0.296E+11
    949000   0.647  0.860E+11  0.575E+11
    950000   0.647  0.671E+11  0.879E+11
    951000   0.648  0.342E+11  0.877E+11
    952000   0.649  0.239E+11  0.817E+11
    953000   0.649  0.184E+11  0.650E+11
    954000   0.650  0.278E+11  0.506E+11
    955000   0.651  0.367E+11  0.346E+11
    956000   0.651  0.398E+11  0.249E+11
    957000   0.652  0.321E+11  0.150E+11
    958000   0.653  0.187E+11  0.661E+10
    959000   0.653 -0.133E+10  0.423E+10
    960000   0.654 -0.264E+11 -0.729E+10
    961000   0.655 -0.527E+12 -0.517E+12
    962000   0.655 -0.640E+12 -0.629E+12
    963000   0.656 -0.479E+12 -0.507E+12
    964000   0.657 -0.318E+12 -0.336E+12
    965000   0.657 -0.106E+12 -0.148E+12
    966000   0.658 -0.766E+11 -0.869E+11
    967000   0.659 -0.126E+12 -0.124E+12
    968000   0.659 -0.202E+12 -0.148E+12
    969000   0.660 -0.204E+12 -0.130E+12
    970000   0.661 -0.196E+12 -0.125E+12
    971000   0.662 -0.175E+12 -0.110E+12
    972000   0.662 -0.156E+12 -0.108E+12
    973000   0.663 -0.170E+12 -0.119E+12
    974000   0.664 -0.165E+12 -0.125E+12
    975000   0.664 -0.162E+12 -0.144E+12
    976000   0.665 -0.160E+12 -0.151E+12
    977000   0.666 -0.156E+12 -0.148E+12
    978000   0.666 -0.152E+12 -0.149E+12
    979000   0.667 -0.152E+12 -0.145E+12
    980000   0.668 -0.159E+12 -0.141E+12
    981000   0.668 -0.184E+12 -0.165E+12
    982000   0.669 -0.561E+12 -0.550E+12
    983000   0.670 -0.650E+12 -0.645E+12
    984000   0.670 -0.421E+12 -0.433E+12
    985000   0.671 -0.214E+12 -0.174E+12
    986000   0.672 -0.143E+12 -0.658E+11
    987000   0.672 -0.125E+12 -0.512E+11
    988000   0.673 -0.121E+12 -0.818E+11
    989000   0.674 -0.800E+11 -0.770E+11
    990000   0.674 -0.305E+11 -0.496E+11
    991000   0.675 -0.171E+11 -0.441E+11
    992000   0.676 -0.241E+11 -0.408E+11
    993000   0.677 -0.520E+11 -0.490E+11
    994000   0.677 -0.429E+11 -0.386E+11
    995000   0.678 -0.518E+11 -0.351E+11
    996000   0.679 -0.497E+11 -0.305E+11
    997000   0.679 -0.414E+11 -0.341E+11
    998000   0.680 -0.499E+11 -0.490E+11
    999000   0.681 -0.533E+12 -0.521E+12
   1000000   0.681 -0.654E+12 -0.629E+12
   1001000   0.682 -0.454E+12 -0.479E+12
   1002000   0.683 -0.264E+12 -0.293E+12
   1003000   0.683 -0.627E+11 -0.828E+11
   1004000   0.684 -0.832E+11 -0.975E+11
   1005000   0.685 -0.103E+12 -0.973E+11
   1006000   0.685 -0.141E+12 -0.997E+11
   1007000   0.686 -0.112E+12 -0.613E+11
   1008000   0.687 -0.108E+12 -0.640E+11
   1009000   0.687 -0.102E+12 -0.652E+11
   1010000   0.688 -0.846E+11 -0.633E+11
   1011000   0.689 -0.818E+11 -0.803E+11
   1012000   0.689 -0.799E+11 -0.796E+11
   1013000   0.690 -0.788E+11 -0.852E+11
   1014000   0.691 -0.822E+11 -0.859E+11
   1015000   0.692 -0.837E+11 -0.787E+11
   1016000   0.692 -0.859E+11 -0.673E+11
   1017000   0.693 -0.873E+11 -0.602E+11
   1018000   0.694 -0.888E+11 -0.558E+11
   1019000   0.694 -0.962E+11 -0.625E+11
   1020000   0.695 -0.508E+12 -0.467E+12
   1021000   0.696 -0.557E+12 -0.524E+12
   1022000   0.696 -0.621E+12 -0.588E+12
   1023000   0.697 -0.471E+12 -0.475E+12
   1024000   0.698 -0.338E+12 -0.382E+12
   1025000   0.698 -0.160E+12 -0.228E+12
   1026000   0.699 -0.150E+11 -0.748E+11
   1027000   0.700  0.305E+10 -0.158E+11
   1028000   0.700 -0.463E+10  0.102E+11
   1029000   0.701 -0.441E+11  0.214E+11
   1030000   0.702 -0.735E+11  0.330E+11
   1031000   0.702 -0.687E+11  0.482E+11
   1032000   0.703 -0.577E+11  0.385E+11
   1033000   0.704 -0.487E+11  0.305E+11
   1034000   0.704 -0.381E+11  0.375E+11
   1035000   0.705 -0.140E+11  0.368E+11
   1036000   0.706 -0.365E+10  0.403E+10
   1037000   0.706 -0.561E+12 -0.547E+12
   1038000   0.707 -0.593E+12 -0.565E+12
   1039000   0.708 -0.324E+12 -0.294E+12
   1040000   0.709 -0.723E+11  0.206E+10
   1041000   0.709 -0.547E+10  0.766E+11
   1042000   0.710  0.138E+11  0.875E+11
   1043000   0.711  0.411E+11  0.863E+11
   1044000   0.711  0.119E+12  0.116E+12
   1045000   0.712  0.164E+12  0.136E+12
   1046000   0.713  0.189E+12  0.149E+12
   1047000   0.713  0.194E+12  0.169E+12
   1048000   0.714  0.191E+12  0.188E+12
   1049000   0.715  0.189E+12  0.209E+12
   1050000   0.715  0.191E+12  0.231E+12
   1051000   0.716  0.204E+12  0.243E+12
   1052000   0.717  0.218E+12  0.233E+12
   1053000   0.717 -0.187E+12 -0.144E+12
   1054000   0.718 -0.594E+12 -0.589E+12
   1055000   0.719 -0.522E+12 -0.520E+12
   1056000   0.719 -0.308E+12 -0.315E+12
   1057000   0.720 -0.488E+11 -0.353E+11
   1058000   0.721  0.459E+10  0.602E+11
   1059000   0.721  0.279E+11  0.818E+11
   1060000   0.722  0.101E+11  0.491E+11
   1061000   0.723  0.496E+11  0.694E+11
   1062000   0.724  0.725E+11  0.630E+11
   1063000   0.724  0.898E+11  0.604E+11
   1064000   0.725  0.929E+11  0.691E+11
   1065000   0.726  0.777E+11  0.648E+11
   1066000   0.726  0.710E+11  0.695E+11
   1067000   0.727  0.586E+11  0.754E+11
   1068000   0.728  0.597E+11  0.788E+11
   1069000   0.728  0.625E+11  0.755E+11
   1070000   0.729  0.669E+11  0.714E+11
   1071000   0.730  0.722E+11  0.643E+11
   1072000   0.730  0.747E+11  0.577E+11
   1073000   0.731  0.765E+11  0.563E+11
   1074000   0.732  0.731E+11  0.580E+11
   1075000   0.732  0.516E+11  0.434E+11
   1076000   0.733 -0.406E+12 -0.405E+12
   1077000   0.734 -0.601E+12 -0.595E+12
   1078000   0.734 -0.578E+12 -0.590E+12
   1079000   0.735 -0.351E+12 -0.362E+12
   1080000   0.736 -0.109E+12 -0.146E+12
   1081000   0.736 -0.138E+11 -0.417E+11
   1082000   0.737 -0.777E+09 -0.290E+11
   1083000   0.738 -0.474E+11 -0.311E+11
   1084000   0.739 -0.772E+11 -0.314E+11
   1085000   0.739 -0.583E+11 -0.209E+11
   1086000   0.740 -0.658E+11 -0.220E+11
   1087000   0.741 -0.466E+11 -0.138E+11
   1088000   0.741 -0.320E+11 -0.141E+11
   1089000   0.742 -0.283E+11 -0.241E+11
   1090000   0.743 -0.255E+11 -0.304E+11
   1091000   0.743 -0.359E+11 -0.403E+11
   1092000   0.744 -0.402E+11 -0.428E+11
   1093000   0.745 -0.474E+11 -0.443E+11
   1094000   0.745 -0.513E+11 -0.422E+11
   1095000   0.746 -0.579E+11 -0.408E+11
   1096000   0.747 -0.580E+11 -0.421E+11
   1097000   0.747 -0.628E+11 -0.476E+11
   1098000   0.748 -0.670E+11 -0.551E+11
   1099000   0.749 -0.679E+11 -0.610E+11
   1100000   0.749 -0.724E+11 -0.654E+11
   1101000   0.750 -0.697E+11 -0.710E+11
   1102000   0.751 -0.732E+11 -0.751E+11
   1103000   0.751 -0.801E+11 -0.807E+11
   1104000   0.752 -0.880E+11 -0.846E+11
   1105000   0.753 -0.136E+12 -0.127E+12
   1106000   0.754 -0.509E+12 -0.532E+12
   1107000   0.754 -0.590E+12 -0.585E+12
   1108000   0.755 -0.668E+12 -0.630E+12
   1109000   0.756 -0.483E+12 -0.464E+12
   1110000   0.756 -0.196E+12 -0.230E+12
   1111000   0.757 -0.731E+10 -0.362E+11
   1112000   0.758  0.491E+10 -0.272E+11
   1113000   0.758 -0.116E+10 -0.543E+11
   1114000   0.759 -0.736E+10 -0.711E+11
   1115000   0.760  0.337E+11 -0.299E+11
   1116000   0.760  0.396E+11  0.455E+10
   1117000   0.761  0.339E+11  0.224E+11
   1118000   0.762  0.163E+11  0.467E+11
   1119000   0.762 -0.145E+10  0.531E+11
   1120000   0.763 -0.835E+10  0.447E+11
   1121000   0.764 -0.170E+11  0.291E+11
   1122000   0.764 -0.189E+11  0.129E+11
   1123000   0.765 -0.147E+11 -0.755E+10
   1124000   0.766 -0.501E+12 -0.472E+12
   1125000   0.766 -0.607E+12 -0.596E+12
   1126000   0.767 -0.506E+12 -0.503E+12
   1127000   0.768 -0.383E+12 -0.399E+12
   1128000   0.768 -0.154E+12 -0.192E+12
   1129000   0.769 -0.357E+11 -0.106E+12
   1130000   0.770 -0.657E+11 -0.132E+12
   1131000   0.771 -0.673E+11 -0.137E+12
   1132000   0.771 -0.990E+11 -0.147E+12
   1133000   0.772 -0.979E+11 -0.116E+12
   1134000   0.773 -0.981E+11 -0.897E+11
   1135000   0.773 -0.109E+12 -0.820E+11
   1136000   0.774 -0.114E+12 -0.661E+11
   1137000   0.775 -0.115E+12 -0.711E+11
   1138000   0.775 -0.116E+12 -0.865E+11
   1139000   0.776 -0.104E+12 -0.974E+11
   1140000   0.777 -0.109E+12 -0.111E+12
   1141000   0.777 -0.102E+12 -0.122E+12
   1142000   0.778 -0.102E+12 -0.133E+12
   1143000   0.779 -0.108E+12 -0.129E+12
   1144000   0.779 -0.107E+12 -0.122E+12
   1145000   0.780 -0.106E+12 -0.111E+12
   1146000   0.781 -0.114E+12 -0.109E+12
   1147000   0.781 -0.117E+12 -0.996E+11
   1148000   0.782 -0.503E+12 -0.487E+12
   1149000   0.783 -0.615E+12 -0.606E+12
   1150000   0.783 -0.527E+12 -0.498E+12
   1151000   0.784 -0.444E+12 -0.471E+12
   1152000   0.785 -0.322E+12 -0.374E+12
   1153000   0.786 -0.169E+12 -0.231E+12
   1154000   0.786 -0.890E+11 -0.132E+12
   1155000   0.787 -0.774E+11 -0.991E+11
   1156000   0.788 -0.106E+12 -0.844E+11
   1157000   0.788 -0.133E+12 -0.740E+11
   1158000   0.789 -0.147E+12 -0.697E+11
   1159000   0.790 -0.141E+12 -0.644E+11
   1160000   0.790 -0.131E+12 -0.585E+11
   1161000   0.791 -0.125E+12 -0.643E+11
   1162000   0.792 -0.105E+12 -0.677E+11
   1163000   0.792 -0.986E+11 -0.893E+11
   1164000   0.793 -0.500E+12 -0.490E+12
   1165000   0.794 -0.574E+12 -0.581E+12
   1166000   0.794 -0.658E+12 -0.591E+12
   1167000   0.795 -0.563E+12 -0.309E+12
   1168000   0.796 -0.372E+12 -0.630E+11
   1169000   0.796 -0.159E+12  0.137E+12
   1170000   0.797 -0.182E+12  0.173E+12
   1171000   0.798 -0.160E+12  0.149E+12
   1172000   0.798 -0.992E+11  0.121E+12
   1173000   0.799  0.607E+10  0.151E+12
   1174000   0.800  0.699E+11  0.159E+12
   1175000   0.801  0.127E+12  0.140E+12
   1176000   0.801  0.159E+12  0.148E+12
   1177000   0.802  0.163E+12  0.168E+12
   1178000   0.803  0.172E+12  0.192E+12
   1179000   0.803  0.161E+12  0.218E+12
   1180000   0.804  0.149E+12  0.220E+12
   1181000   0.805 -0.488E+12 -0.474E+12
   1182000   0.805 -0.597E+12 -0.631E+12
   1183000   0.806 -0.493E+12 -0.518E+12
   1184000   0.807 -0.331E+12 -0.420E+12
   1185000   0.807 -0.735E+11 -0.194E+12
   1186000   0.808  0.125E+12 -0.207E+11
   1187000   0.809  0.104E+12 -0.186E+11
   1188000   0.809  0.957E+11 -0.206E+11
   1189000   0.810  0.601E+11 -0.313E+11
   1190000   0.811  0.802E+11  0.204E+11
   1191000   0.811  0.729E+11  0.534E+11
   1192000   0.812  0.742E+11  0.619E+11
   1193000   0.813  0.798E+11  0.889E+11
   1194000   0.813  0.704E+11  0.796E+11
   1195000   0.814  0.630E+11  0.726E+11
   1196000   0.815  0.680E+11  0.684E+11
   1197000   0.815  0.731E+11  0.585E+11
   1198000   0.816  0.804E+11  0.557E+11
   1199000   0.817  0.862E+11  0.568E+11
   1200000   0.818  0.849E+11  0.538E+11
   1201000   0.818  0.830E+11  0.552E+11
   1202000   0.819  0.624E+11  0.490E+11
   1203000   0.820  0.493E+11  0.490E+11
   1204000   0.820 -0.525E+12 -0.526E+12
   1205000   0.821 -0.623E+12 -0.619E+12
   1206000   0.822 -0.434E+12 -0.466E+12
   1207000   0.822 -0.257E+12 -0.284E+12
   1208000   0.823 -0.277E+11 -0.677E+11
   1209000   0.824  0.108E+11 -0.218E+11
   1210000   0.824  0.329E+11  0.598E+10
   1211000   0.825 -0.136E+11  0.849E+10
   1212000   0.826 -0.436E+11  0.651E+10
   1213000   0.826 -0.325E+11  0.256E+11
   1214000   0.827 -0.418E+11  0.235E+11
   1215000   0.828 -0.339E+11  0.216E+11
   1216000   0.828 -0.874E+10  0.249E+11
   1217000   0.829  0.145E+10  0.145E+11
   1218000   0.830  0.705E+10  0.706E+10
   1219000   0.830 -0.727E+09  0.154E+10
   1220000   0.831 -0.554E+10 -0.447E+10
   1221000   0.832 -0.211E+11 -0.613E+10
   1222000   0.833 -0.313E+11 -0.609E+10
   1223000   0.833 -0.649E+11 -0.323E+11
   1224000   0.834 -0.531E+12 -0.514E+12
   1225000   0.835 -0.628E+12 -0.627E+12
   1226000   0.835 -0.600E+12 -0.462E+12
   1227000   0.836 -0.437E+12 -0.206E+12
   1228000   0.837 -0.823E+11  0.788E+11
   1229000   0.837 -0.244E+11  0.143E+12
   1230000   0.838  0.249E+11  0.133E+12
   1231000   0.839  0.668E+11  0.553E+11
   1232000   0.839  0.143E+12  0.774E+11
   1233000   0.840  0.184E+12  0.117E+12
   1234000   0.841  0.206E+12  0.121E+12
   1235000   0.841  0.194E+12  0.152E+12
   1236000   0.842  0.167E+12  0.194E+12
   1237000   0.843  0.159E+12  0.219E+12
   1238000   0.843  0.148E+12  0.227E+12
   1239000   0.844  0.145E+12  0.225E+12
   1240000   0.845  0.156E+12  0.191E+12
   1241000   0.845 -0.542E+12 -0.555E+12
   1242000   0.846 -0.604E+12 -0.629E+12
   1243000   0.847 -0.314E+12 -0.412E+12
   1244000   0.848 -0.959E+11 -0.227E+12
   1245000   0.848  0.118E+12  0.117E+11
   1246000   0.849  0.666E+11 -0.225E+11
   1247000   0.850  0.348E+11  0.148E+11
   1248000   0.850 -0.247E+11  0.200E+11
   1249000   0.851 -0.233E+11  0.557E+11
   1250000   0.852 -0.275E+11  0.519E+11
   1251000   0.852 -0.206E+11  0.479E+11
   1252000   0.853 -0.163E+11  0.227E+11
   1253000   0.854 -0.189E+10  0.392E+10
   1254000   0.854 -0.113E+10 -0.115E+11
   1255000   0.855 -0.466E+10 -0.322E+11
   1256000   0.856 -0.300E+11 -0.423E+11
   1257000   0.856 -0.400E+11 -0.364E+11
   1258000   0.857 -0.548E+11 -0.315E+11
   1259000   0.858 -0.666E+11 -0.259E+11
   1260000   0.858 -0.757E+11 -0.350E+11
   1261000   0.859 -0.844E+11 -0.504E+11
   1262000   0.860 -0.108E+12 -0.779E+11
   1263000   0.860 -0.554E+12 -0.562E+12
   1264000   0.861 -0.618E+12 -0.627E+12
   1265000   0.862 -0.533E+12 -0.563E+12
   1266000   0.863 -0.394E+12 -0.435E+12
   1267000   0.863 -0.233E+12 -0.262E+12
   1268000   0.864 -0.993E+11 -0.128E+12
   1269000   0.865 -0.874E+11 -0.105E+12
   1270000   0.865 -0.120E+12 -0.124E+12
   1271000   0.866 -0.142E+12 -0.144E+12
   1272000   0.867 -0.137E+12 -0.130E+12
   1273000   0.867 -0.145E+12 -0.141E+12
   1274000   0.868 -0.136E+12 -0.136E+12
   1275000   0.869 -0.124E+12 -0.127E+12
   1276000   0.869 -0.115E+12 -0.126E+12
   1277000   0.870 -0.110E+12 -0.134E+12
   1278000   0.871 -0.119E+12 -0.138E+12
   1279000   0.871 -0.117E+12 -0.133E+12
   1280000   0.872 -0.127E+12 -0.133E+12
   1281000   0.873 -0.126E+12 -0.137E+12
   1282000   0.873 -0.132E+12 -0.133E+12
   1283000   0.874 -0.137E+12 -0.130E+12
   1284000   0.875 -0.141E+12 -0.132E+12
   1285000   0.875 -0.142E+12 -0.138E+12
   1286000   0.876 -0.179E+12 -0.178E+12
   1287000   0.877 -0.516E+12 -0.503E+12
   1288000   0.877 -0.647E+12 -0.653E+12
   1289000   0.878 -0.599E+12 -0.497E+12
   1290000   0.879 -0.420E+12 -0.273E+12
   1291000   0.880 -0.201E+12 -0.255E+11
   1292000   0.880 -0.197E+12 -0.330E+11
   1293000   0.881 -0.158E+12 -0.582E+11
   1294000   0.882 -0.142E+12 -0.103E+12
   1295000   0.882 -0.688E+11 -0.957E+11
   1296000   0.883 -0.450E+11 -0.962E+11
   1297000   0.884 -0.306E+11 -0.905E+11
   1298000   0.884 -0.684E+11 -0.830E+11
   1299000   0.885 -0.957E+11 -0.637E+11
   1300000   0.886 -0.107E+12 -0.500E+11
   1301000   0.886 -0.118E+12 -0.443E+11
   1302000   0.887 -0.114E+12 -0.473E+11
   1303000   0.888 -0.101E+12 -0.777E+11
   1304000   0.888 -0.894E+11 -0.833E+11
   1305000   0.889 -0.556E+12 -0.579E+12
   1306000   0.890 -0.604E+12 -0.626E+12
   1307000   0.890 -0.419E+12 -0.420E+12
   1308000   0.891 -0.227E+12 -0.223E+12
   1309000   0.892 -0.112E+12 -0.106E+12
   1310000   0.892 -0.962E+11 -0.103E+12
   1311000   0.893 -0.933E+11 -0.110E+12
   1312000   0.894 -0.983E+11 -0.120E+12
   1313000   0.895 -0.650E+11 -0.868E+11
   1314000   0.895 -0.708E+11 -0.943E+11
   1315000   0.896 -0.625E+11 -0.783E+11
   1316000   0.897 -0.563E+11 -0.671E+11
   1317000   0.897 -0.591E+11 -0.627E+11
   1318000   0.898 -0.529E+11 -0.523E+11
   1319000   0.899 -0.507E+11 -0.510E+11
   1320000   0.899 -0.461E+11 -0.507E+11
   1321000   0.900 -0.391E+11 -0.475E+11
   1322000   0.901 -0.307E+11 -0.404E+11
   1323000   0.901 -0.326E+11 -0.473E+11
   1324000   0.902 -0.446E+12 -0.435E+12
   1325000   0.903 -0.552E+12 -0.564E+12
   1326000   0.903 -0.580E+12 -0.618E+12
   1327000   0.904 -0.421E+12 -0.419E+12
   1328000   0.905 -0.244E+12 -0.247E+12
   1329000   0.905 -0.399E+11 -0.575E+11
   1330000   0.906  0.304E+10 -0.921E+10
   1331000   0.907  0.109E+11  0.479E+10
   1332000   0.907 -0.933E+10 -0.135E+11
   1333000   0.908 -0.581E+10  0.219E+10
   1334000   0.909 -0.443E+10  0.490E+10
   1335000   0.910 -0.909E+10  0.839E+10
   1336000   0.910 -0.861E+10  0.227E+11
   1337000   0.911 -0.116E+10  0.260E+11
   1338000   0.912 -0.107E+11  0.246E+11
   1339000   0.912 -0.660E+10  0.321E+11
   1340000   0.913 -0.864E+10  0.291E+11
   1341000   0.914 -0.755E+09  0.197E+11
   1342000   0.914  0.374E+09  0.214E+11
   1343000   0.915 -0.756E+09  0.236E+11
   1344000   0.916 -0.436E+09  0.218E+11
   1345000   0.916  0.550E+10  0.242E+11
   1346000   0.917 -0.119E+10  0.240E+11
   1347000   0.918 -0.615E+10  0.237E+11
   1348000   0.918 -0.112E+11  0.238E+11
   1349000   0.919 -0.672E+10  0.201E+11
   1350000   0.920 -0.127E+11  0.156E+11
   1351000   0.920 -0.143E+11  0.977E+10
   1352000   0.921 -0.181E+11  0.125E+11
   1353000   0.922 -0.126E+11  0.129E+11
   1354000   0.922 -0.502E+11 -0.254E+11
   1355000   0.923 -0.418E+12 -0.410E+12
   1356000   0.924 -0.498E+12 -0.498E+12
   1357000   0.925 -0.606E+12 -0.623E+12
   1358000   0.925 -0.405E+12 -0.452E+12
   1359000   0.926 -0.235E+12 -0.319E+12
   1360000   0.927 -0.467E+12 -0.482E+12
   1361000   0.927 -0.502E+12 -0.469E+12
   1362000   0.928 -0.231E+12 -0.136E+12
   1363000   0.929 -0.889E+11  0.133E+11
   1364000   0.929  0.530E+10  0.118E+10
   1365000   0.930  0.444E+11 -0.104E+11
   1366000   0.931  0.132E+12  0.448E+11
   1367000   0.931  0.171E+12  0.587E+11
   1368000   0.932  0.183E+12  0.125E+12
   1369000   0.933  0.166E+12  0.153E+12
   1370000   0.933  0.160E+12  0.195E+12
   1371000   0.934  0.153E+12  0.224E+12
   1372000   0.935  0.152E+12  0.230E+12
   1373000   0.935  0.178E+12  0.230E+12
   1374000   0.936  0.210E+12  0.223E+12
   1375000   0.937  0.206E+12  0.184E+12
   1376000   0.937 -0.496E+12 -0.518E+12
   1377000   0.938 -0.596E+12 -0.601E+12
   1378000   0.939 -0.431E+12 -0.419E+12
   1379000   0.939 -0.182E+12 -0.197E+12
   1380000   0.940  0.978E+11  0.112E+12
   1381000   0.941  0.118E+12  0.868E+11
   1382000   0.942  0.115E+12  0.800E+11
   1383000   0.942  0.102E+12  0.501E+11
   1384000   0.943  0.136E+12  0.833E+11
   1385000   0.944  0.113E+12  0.104E+12
   1386000   0.944  0.120E+12  0.133E+12
   1387000   0.945  0.117E+12  0.136E+12
   1388000   0.946  0.102E+12  0.134E+12
   1389000   0.946  0.902E+11  0.107E+12
   1390000   0.947  0.842E+11  0.826E+11
   1391000   0.948  0.933E+11  0.709E+11
   1392000   0.948  0.960E+11  0.623E+11
   1393000   0.949  0.777E+11  0.531E+11
   1394000   0.950  0.669E+11  0.536E+11
   1395000   0.950  0.495E+11  0.493E+11
   1396000   0.951  0.182E+11  0.312E+11
   1397000   0.952 -0.526E+12 -0.526E+12
   1398000   0.952 -0.614E+12 -0.619E+12
   1399000   0.953 -0.507E+12 -0.521E+12
   1400000   0.954 -0.327E+12 -0.366E+12
   1401000   0.954 -0.937E+11 -0.143E+12
   1402000   0.955 -0.334E+11 -0.774E+11
   1403000   0.956 -0.110E+11 -0.534E+11
   1404000   0.957 -0.867E+11 -0.179E+12
   1405000   0.957 -0.123E+12 -0.216E+12
   1406000   0.958 -0.103E+12 -0.174E+12
   1407000   0.959 -0.981E+11 -0.163E+12
   1408000   0.959 -0.791E+11 -0.132E+12
   1409000   0.960 -0.663E+11 -0.122E+12
   1410000   0.961 -0.859E+11 -0.184E+12
   1411000   0.961 -0.102E+12 -0.199E+12
   1412000   0.962 -0.107E+12 -0.194E+12
   1413000   0.963 -0.110E+12 -0.193E+12
   1414000   0.963 -0.107E+12 -0.184E+12
   1415000   0.964 -0.110E+12 -0.165E+12
   1416000   0.965 -0.104E+12 -0.145E+12
   1417000   0.965 -0.104E+12 -0.140E+12
   1418000   0.966 -0.157E+12 -0.169E+12
   1419000   0.967 -0.576E+12 -0.579E+12
   1420000   0.967 -0.613E+12 -0.622E+12
   1421000   0.968 -0.388E+12 -0.351E+12
   1422000   0.969 -0.156E+12 -0.942E+11
   1423000   0.969 -0.155E+12 -0.975E+11
   1424000   0.970 -0.157E+12 -0.641E+11
   1425000   0.971 -0.142E+12 -0.813E+11
   1426000   0.972 -0.810E+11 -0.427E+11
   1427000   0.972 -0.534E+11 -0.425E+11
   1428000   0.973 -0.358E+11 -0.467E+11
   1429000   0.974 -0.459E+11 -0.611E+11
   1430000   0.974 -0.432E+11 -0.578E+11
   1431000   0.975 -0.551E+11 -0.467E+11
   1432000   0.976 -0.639E+11 -0.460E+11
   1433000   0.976 -0.622E+11 -0.625E+11
   1434000   0.977 -0.607E+11 -0.554E+11
   1435000   0.978 -0.592E+11 -0.564E+11
   1436000   0.978 -0.681E+11 -0.662E+11
   1437000   0.979 -0.535E+12 -0.541E+12
   1438000   0.980 -0.651E+12 -0.658E+12
   1439000   0.980 -0.464E+12 -0.429E+12
   1440000   0.981 -0.251E+12 -0.188E+12
   1441000   0.982 -0.499E+11 -0.367E+11
   1442000   0.982 -0.600E+11 -0.603E+11
   1443000   0.983 -0.518E+11 -0.768E+11
   1444000   0.984 -0.484E+11 -0.996E+11
   1445000   0.984 -0.253E+11 -0.737E+11
   1446000   0.985 -0.428E+11 -0.736E+11
   1447000   0.986 -0.440E+11 -0.559E+11
   1448000   0.987 -0.466E+11 -0.422E+11
   1449000   0.987 -0.594E+11 -0.375E+11
   1450000   0.988 -0.554E+11 -0.336E+11
   1451000   0.989 -0.515E+11 -0.386E+11
   1452000   0.989 -0.497E+11 -0.545E+11
   1453000   0.990 -0.349E+11 -0.511E+11
   1454000   0.991 -0.275E+11 -0.542E+11
   1455000   0.991 -0.254E+11 -0.547E+11
   1456000   0.992 -0.240E+11 -0.480E+11
   1457000   0.993 -0.220E+11 -0.383E+11
   1458000   0.993 -0.408E+11 -0.491E+11
   1459000   0.994 -0.769E+11 -0.715E+11
   1460000   0.995 -0.523E+12 -0.523E+12
   1461000   0.995 -0.628E+12 -0.627E+12
   1462000   0.996 -0.471E+12 -0.448E+12
   1463000   0.997 -0.264E+12 -0.243E+12
   1464000   0.997 -0.683E+11 -0.449E+11
   1465000   0.998  0.930E+10  0.796E+10
   1466000   0.999  0.418E+11  0.445E+11
   1467000   0.999  0.257E+11  0.144E+11
   1468000   1.000  0.241E+11  0.103E+11
   1469000   1.001  0.374E+11  0.271E+11
   1470000   1.001  0.286E+11  0.175E+11
   1471000   1.002  0.313E+11  0.251E+11
   1472000   1.003  0.438E+11  0.465E+11
   1473000   1.004  0.500E+11  0.567E+11
   1474000   1.004  0.440E+11  0.611E+11
   1475000   1.005  0.523E+11  0.643E+11
   1476000   1.006  0.509E+11  0.590E+11
   1477000   1.006  0.439E+11  0.603E+11
   1478000   1.007  0.483E+11  0.625E+11
   1479000   1.008  0.547E+11  0.652E+11
   1480000   1.008  0.609E+11  0.675E+11
   1481000   1.009  0.639E+11  0.723E+11
   1482000   1.010  0.669E+11  0.726E+11
   1483000   1.010  0.705E+11  0.731E+11
   1484000   1.011  0.697E+11  0.754E+11
   1485000   1.012  0.673E+11  0.751E+11
   1486000   1.012  0.690E+11  0.768E+11
   1487000   1.013  0.724E+11  0.783E+11
   1488000   1.014  0.699E+11  0.795E+11
   1489000   1.014  0.663E+11  0.803E+11
   1490000   1.015  0.704E+11  0.791E+11
   1491000   1.016  0.712E+11  0.801E+11
   1492000   1.016  0.703E+11  0.808E+11
   1493000   1.017  0.668E+11  0.813E+11
   1494000   1.018  0.400E+11  0.589E+11
   1495000   1.019  0.230E+11  0.172E+11
   1496000   1.019 -0.372E+12 -0.373E+12
   1497000   1.020 -0.509E+12 -0.513E+12
   1498000   1.021 -0.530E+12 -0.563E+12
   1499000   1.021 -0.397E+12 -0.404E+12
   1500000   1.022 -0.259E+12 -0.274E+12
   1501000   1.023 -0.102E+12 -0.127E+12
   1502000   1.023  0.538E+11  0.407E+11
   1503000   1.024  0.148E+12  0.122E+12
   1504000   1.025  0.149E+12  0.118E+12
   1505000   1.025 -0.520E+12 -0.516E+12
   1506000   1.026 -0.620E+12 -0.608E+12
   1507000   1.027 -0.319E+12 -0.443E+12
   1508000   1.027 -0.514E+11 -0.151E+12
   1509000   1.028  0.126E+12  0.327E+11
   1510000   1.029  0.126E+12  0.652E+11
   1511000   1.029  0.628E+11  0.849E+11
   1512000   1.030  0.798E+11  0.145E+12
   1513000   1.031  0.129E+12  0.206E+12
   1514000   1.031  0.150E+12  0.225E+12
   1515000   1.032  0.179E+12  0.219E+12
   1516000   1.033  0.208E+12  0.201E+12
   1517000   1.034  0.230E+12  0.200E+12
   1518000   1.034  0.242E+12  0.195E+12
   1519000   1.035  0.248E+12  0.203E+12
   1520000   1.036  0.213E+12  0.206E+12
   1521000   1.036 -0.484E+12 -0.503E+12
   1522000   1.037 -0.609E+12 -0.621E+12
   1523000   1.038 -0.486E+12 -0.512E+12
   1524000   1.038 -0.259E+12 -0.343E+12
   1525000   1.039  0.133E+11 -0.300E+10
   1526000   1.040  0.128E+12  0.685E+11
   1527000   1.040  0.134E+12  0.105E+12
   1528000   1.041  0.917E+11  0.763E+11
   1529000   1.042  0.112E+12  0.103E+12
   1530000   1.042  0.112E+12  0.117E+12
   1531000   1.043  0.104E+12  0.127E+12
   1532000   1.044  0.112E+12  0.132E+12
   1533000   1.044  0.104E+12  0.120E+12
   1534000   1.045  0.102E+12  0.114E+12
   1535000   1.046  0.894E+11  0.907E+11
   1536000   1.046  0.860E+11  0.850E+11
   1537000   1.047  0.782E+11  0.828E+11
   1538000   1.048  0.684E+11  0.719E+11
   1539000   1.048  0.576E+11  0.671E+11
   1540000   1.049  0.464E+11  0.640E+11
   1541000   1.050  0.429E+11  0.562E+11
   1542000   1.051  0.333E+11  0.429E+11
   1543000   1.051  0.451E+10  0.830E+10
   1544000   1.052 -0.559E+12 -0.552E+12
   1545000   1.053 -0.597E+12 -0.608E+12
   1546000   1.053 -0.435E+12 -0.425E+12
   1547000   1.054 -0.220E+12 -0.217E+12
   1548000   1.055 -0.322E+11 -0.352E+11
   1549000   1.055 -0.454E+10 -0.116E+11
   1550000   1.056 -0.537E+11 -0.500E+11
   1551000   1.057 -0.677E+11 -0.538E+11
   1552000   1.057 -0.725E+11 -0.537E+11
   1553000   1.058 -0.903E+11 -0.656E+11
   1554000   1.059 -0.894E+11 -0.643E+11
   1555000   1.059 -0.598E+11 -0.459E+11
   1556000   1.060 -0.704E+11 -0.536E+11
   1557000   1.061 -0.756E+11 -0.639E+11
   1558000   1.061 -0.803E+11 -0.747E+11
   1559000   1.062 -0.891E+11 -0.894E+11
   1560000   1.063 -0.853E+11 -0.863E+11
   1561000   1.063 -0.827E+11 -0.824E+11
   1562000   1.064 -0.850E+11 -0.783E+11
   1563000   1.065 -0.883E+11 -0.785E+11
   1564000   1.066 -0.897E+11 -0.797E+11
   1565000   1.066 -0.928E+11 -0.793E+11
   1566000   1.067 -0.986E+11 -0.843E+11
   1567000   1.068 -0.973E+11 -0.885E+11
   1568000   1.068 -0.956E+11 -0.921E+11
   1569000   1.069 -0.981E+11 -0.969E+11
   1570000   1.070 -0.998E+11 -0.104E+12
   1571000   1.070 -0.100E+12 -0.108E+12
   1572000   1.071 -0.104E+12 -0.112E+12
   1573000   1.072 -0.110E+12 -0.115E+12
   1574000   1.072 -0.117E+12 -0.116E+12
   1575000   1.073 -0.120E+12 -0.119E+12
   1576000   1.074 -0.122E+12 -0.120E+12
   1577000   1.074 -0.125E+12 -0.119E+12
   1578000   1.075 -0.170E+12 -0.183E+12
   1579000   1.076 -0.545E+12 -0.526E+12
   1580000   1.076 -0.642E+12 -0.649E+12
   1581000   1.077 -0.545E+12 -0.481E+12
   1582000   1.078 -0.320E+12 -0.193E+12
   1583000   1.078 -0.124E+12  0.294E+11
   1584000   1.079 -0.134E+12  0.492E+11
   1585000   1.080 -0.132E+12 -0.109E+11
   1586000   1.081 -0.104E+12 -0.251E+11
   1587000   1.081 -0.267E+11  0.902E+10
   1588000   1.082  0.111E+11  0.412E+10
   1589000   1.083  0.140E+11  0.198E+11
   1590000   1.083 -0.408E+10  0.204E+11
   1591000   1.084 -0.128E+11  0.440E+11
   1592000   1.085 -0.234E+11  0.626E+11
   1593000   1.085 -0.280E+11  0.730E+11
   1594000   1.086 -0.166E+11  0.729E+11
   1595000   1.087 -0.994E+10  0.530E+11
   1596000   1.087 -0.520E+12 -0.510E+12
   1597000   1.088 -0.632E+12 -0.635E+12
   1598000   1.089 -0.500E+12 -0.506E+12
   1599000   1.089 -0.271E+12 -0.284E+12
   1600000   1.090 -0.149E+11 -0.159E+11
   1601000   1.091 -0.526E+11 -0.812E+10
   1602000   1.091 -0.654E+11  0.609E+09
   1603000   1.092 -0.590E+11 -0.215E+10
   1604000   1.093 -0.303E+11  0.169E+11
   1605000   1.093 -0.147E+11  0.367E+10
   1606000   1.094  0.149E+11  0.343E+10
   1607000   1.095  0.176E+11 -0.135E+10
   1608000   1.096  0.153E+11 -0.597E+10
   1609000   1.096  0.766E+10 -0.508E+09
   1610000   1.097 -0.542E+10  0.693E+10
   1611000   1.098 -0.102E+11  0.234E+11
   1612000   1.098 -0.831E+10  0.363E+11
   1613000   1.099 -0.628E+10  0.361E+11
   1614000   1.100 -0.104E+09  0.331E+11
   1615000   1.100  0.423E+10  0.292E+11
   1616000   1.101 -0.508E+12 -0.501E+12
   1617000   1.102 -0.604E+12 -0.619E+12
   1618000   1.102 -0.519E+12 -0.497E+12
   1619000   1.103 -0.359E+12 -0.349E+12
   1620000   1.104 -0.142E+12 -0.135E+12
   1621000   1.104 -0.250E+10  0.166E+11
   1622000   1.105  0.320E+11  0.424E+11
   1623000   1.106  0.175E+11  0.126E+11
   1624000   1.106  0.934E+10 -0.119E+11
   1625000   1.107  0.109E+11 -0.998E+10
   1626000   1.108  0.132E+11 -0.719E+10
   1627000   1.108  0.561E+08 -0.109E+11
   1628000   1.109  0.690E+10 -0.548E+10
   1629000   1.110  0.212E+11  0.944E+10
   1630000   1.110  0.174E+11  0.203E+11
   1631000   1.111  0.996E+10  0.203E+11
   1632000   1.112  0.103E+11  0.263E+11
   1633000   1.113  0.669E+09  0.255E+11
   1634000   1.113 -0.188E+11  0.139E+11
   1635000   1.114 -0.555E+12 -0.553E+12
   1636000   1.115 -0.631E+12 -0.608E+12
   1637000   1.115 -0.585E+12 -0.253E+12
   1638000   1.116 -0.290E+12  0.741E+11
   1639000   1.117 -0.130E+12  0.238E+12
   1640000   1.117 -0.101E+12  0.264E+12
   1641000   1.118 -0.410E+11  0.145E+12
   1642000   1.119  0.675E+11  0.106E+12
   1643000   1.119  0.182E+12  0.136E+12
   1644000   1.120  0.235E+12  0.127E+12
   1645000   1.121  0.239E+12  0.143E+12
   1646000   1.121  0.206E+12  0.178E+12
   1647000   1.122  0.186E+12  0.243E+12
   1648000   1.123  0.161E+12  0.289E+12
   1649000   1.123  0.147E+12  0.312E+12
   1650000   1.124  0.148E+12  0.297E+12
   1651000   1.125 -0.515E+12 -0.508E+12
   1652000   1.125 -0.601E+12 -0.594E+12
   1653000   1.126 -0.348E+12 -0.456E+12
   1654000   1.127 -0.779E+11 -0.237E+12
   1655000   1.128  0.241E+12  0.743E+11
   1656000   1.128  0.210E+12  0.108E+12
   1657000   1.129  0.148E+12  0.141E+12
   1658000   1.130  0.792E+11  0.164E+12
   1659000   1.130  0.884E+11  0.217E+12
   1660000   1.131  0.972E+11  0.199E+12
   1661000   1.132  0.119E+12  0.198E+12
   1662000   1.132  0.157E+12  0.172E+12
   1663000   1.133  0.188E+12  0.138E+12
   1664000   1.134  0.195E+12  0.113E+12
   1665000   1.134  0.172E+12  0.936E+11
   1666000   1.135  0.163E+12  0.100E+12
   1667000   1.136  0.142E+12  0.124E+12
   1668000   1.136  0.104E+12  0.135E+12
   1669000   1.137  0.976E+11  0.149E+12
   1670000   1.138  0.935E+11  0.161E+12
   1671000   1.138  0.821E+11  0.142E+12
   1672000   1.139  0.725E+11  0.102E+12
   1673000   1.140 -0.535E+12 -0.527E+12
   1674000   1.140 -0.606E+12 -0.613E+12
   1675000   1.141 -0.522E+12 -0.524E+12
   1676000   1.142 -0.320E+12 -0.326E+12
   1677000   1.143 -0.862E+11 -0.104E+12
   1678000   1.143  0.130E+11  0.384E+11
   1679000   1.144  0.354E+11  0.603E+11
   1680000   1.145  0.364E+10  0.200E+11
   1681000   1.145 -0.107E+11 -0.127E+10
   1682000   1.146 -0.492E+10  0.453E+10
   1683000   1.147 -0.178E+11 -0.180E+11
   1684000   1.147 -0.277E+11 -0.322E+11
   1685000   1.148 -0.511E+10 -0.118E+11
   1686000   1.149 -0.118E+11 -0.917E+10
   1687000   1.149 -0.330E+11 -0.164E+11
   1688000   1.150 -0.349E+11 -0.243E+11
   1689000   1.151 -0.493E+11 -0.328E+11
   1690000   1.151 -0.586E+11 -0.364E+11
   1691000   1.152 -0.576E+11 -0.343E+11
   1692000   1.153 -0.550E+11 -0.418E+11
   1693000   1.153 -0.747E+11 -0.709E+11
   1694000   1.154 -0.760E+11 -0.714E+11
   1695000   1.155 -0.746E+11 -0.689E+11
   1696000   1.155 -0.777E+11 -0.617E+11
   1697000   1.156 -0.910E+11 -0.716E+11
   1698000   1.157 -0.924E+11 -0.771E+11
   1699000   1.158 -0.924E+11 -0.719E+11
   1700000   1.158 -0.101E+12 -0.745E+11
   1701000   1.159 -0.109E+12 -0.819E+11
   1702000   1.160 -0.106E+12 -0.866E+11
   1703000   1.160 -0.108E+12 -0.892E+11
   1704000   1.161 -0.113E+12 -0.919E+11
   1705000   1.162 -0.113E+12 -0.978E+11
   1706000   1.162 -0.115E+12 -0.102E+12
   1707000   1.163 -0.157E+12 -0.144E+12
   1708000   1.164 -0.506E+12 -0.504E+12
   1709000   1.164 -0.600E+12 -0.617E+12
   1710000   1.165 -0.597E+12 -0.604E+12
   1711000   1.166 -0.439E+12 -0.382E+12
   1712000   1.166 -0.154E+12 -0.928E+11
   1713000   1.167 -0.114E+12 -0.184E+11
   1714000   1.168 -0.760E+11  0.121E+11
   1715000   1.168 -0.114E+12 -0.626E+11
   1716000   1.169 -0.723E+11 -0.642E+11
   1717000   1.170 -0.163E+11 -0.380E+11
   1718000   1.170  0.169E+11 -0.474E+11
   1719000   1.171  0.184E+11 -0.515E+11
   1720000   1.172 -0.313E+10 -0.629E+11
   1721000   1.172 -0.139E+11 -0.695E+11
   1722000   1.173 -0.343E+11 -0.660E+11
   1723000   1.174 -0.537E+11 -0.564E+11
   1724000   1.175 -0.802E+11 -0.541E+11
   1725000   1.175 -0.792E+11 -0.585E+11
   1726000   1.176 -0.532E+12 -0.541E+12
   1727000   1.177 -0.625E+12 -0.641E+12
   1728000   1.177 -0.446E+12 -0.517E+12
   1729000   1.178 -0.282E+12 -0.331E+12
   1730000   1.179 -0.587E+11 -0.112E+12
   1731000   1.179 -0.930E+11 -0.127E+12
   1732000   1.180 -0.703E+11 -0.956E+11
   1733000   1.181 -0.113E+12 -0.117E+12
   1734000   1.181 -0.110E+12 -0.965E+11
   1735000   1.182 -0.876E+11 -0.812E+11
   1736000   1.183 -0.101E+12 -0.943E+11
   1737000   1.183 -0.878E+11 -0.844E+11
   1738000   1.184 -0.742E+11 -0.846E+11
   1739000   1.185 -0.688E+11 -0.842E+11
   1740000   1.185 -0.759E+11 -0.906E+11
   1741000   1.186 -0.788E+11 -0.921E+11
   1742000   1.187 -0.812E+11 -0.879E+11
   1743000   1.187 -0.806E+11 -0.795E+11
   1744000   1.188 -0.818E+11 -0.733E+11
   1745000   1.189 -0.729E+11 -0.675E+11
   1746000   1.190 -0.888E+11 -0.621E+11
   1747000   1.190 -0.505E+12 -0.512E+12
   1748000   1.191 -0.541E+12 -0.575E+12
   1749000   1.192 -0.529E+12 -0.564E+12
   1750000   1.192 -0.416E+12 -0.427E+12
   1751000   1.193 -0.252E+12 -0.259E+12
   1752000   1.194 -0.664E+11 -0.848E+11
   1753000   1.194 -0.301E+10 -0.223E+11
   1754000   1.195  0.360E+11  0.665E+10
   1755000   1.196  0.159E+11 -0.126E+11
   1756000   1.196  0.524E+10 -0.158E+11
   1757000   1.197  0.211E+11 -0.130E+11
   1758000   1.198  0.199E+11 -0.114E+11
   1759000   1.198  0.369E+11  0.737E+10
   1760000   1.199  0.517E+11  0.355E+11
   1761000   1.200  0.642E+11  0.375E+11
   1762000   1.200  0.615E+11  0.468E+11
   1763000   1.201  0.787E+11  0.459E+11
   1764000   1.202  0.792E+11  0.535E+11
   1765000   1.202  0.854E+11  0.608E+11
   1766000   1.203  0.859E+11  0.625E+11
   1767000   1.204  0.927E+11  0.692E+11
   1768000   1.205  0.968E+11  0.763E+11
   1769000   1.205  0.101E+12  0.713E+11
   1770000   1.206  0.107E+12  0.708E+11
   1771000   1.207  0.110E+12  0.774E+11
   1772000   1.207  0.108E+12  0.821E+11
   1773000   1.208  0.974E+11  0.811E+11
   1774000   1.209  0.861E+11  0.711E+11
   1775000   1.209  0.903E+11  0.745E+11
   1776000   1.210  0.929E+11  0.776E+11
   1777000   1.211  0.995E+11  0.814E+11
   1778000   1.211  0.670E+11  0.647E+11
   1779000   1.212 -0.443E+12 -0.412E+12
   1780000   1.213 -0.516E+12 -0.519E+12
   1781000   1.213 -0.539E+12 -0.595E+12
   1782000   1.214 -0.445E+12 -0.447E+12
   1783000   1.215 -0.280E+12 -0.316E+12
   1784000   1.215 -0.109E+12 -0.162E+12
   1785000   1.216  0.724E+11  0.231E+11
   1786000   1.217  0.148E+12  0.108E+12
   1787000   1.217  0.192E+12  0.149E+12
   1788000   1.218  0.836E+11  0.899E+11
   1789000   1.219 -0.453E+12 -0.458E+12
   1790000   1.219 -0.576E+12 -0.595E+12
   1791000   1.220 -0.591E+12 -0.573E+12
   1792000   1.221 -0.376E+12 -0.334E+12
   1793000   1.222 -0.292E+11  0.128E+11
   1794000   1.222  0.672E+11  0.126E+12
   1795000   1.223  0.108E+12  0.139E+12
   1796000   1.224  0.777E+11  0.705E+11
   1797000   1.224  0.141E+12  0.958E+11
   1798000   1.225  0.193E+12  0.148E+12
   1799000   1.226  0.219E+12  0.164E+12
   1800000   1.226  0.228E+12  0.191E+12
   1801000   1.227  0.215E+12  0.185E+12
   1802000   1.228  0.228E+12  0.203E+12
   1803000   1.228  0.215E+12  0.210E+12
   1804000   1.229  0.207E+12  0.213E+12
   1805000   1.230 -0.510E+12 -0.509E+12
   1806000   1.230 -0.621E+12 -0.610E+12
   1807000   1.231 -0.483E+12 -0.524E+12
   1808000   1.232 -0.249E+12 -0.272E+12
   1809000   1.232  0.416E+11 -0.431E+11
   1810000   1.233  0.162E+12  0.104E+12
   1811000   1.234  0.151E+12  0.111E+12
   1812000   1.234  0.996E+11  0.990E+11
   1813000   1.235  0.111E+12  0.920E+11
   1814000   1.236  0.134E+12  0.129E+12
   1815000   1.237  0.114E+12  0.138E+12
   1816000   1.237  0.134E+12  0.161E+12
   1817000   1.238  0.134E+12  0.155E+12
   1818000   1.239  0.118E+12  0.150E+12
   1819000   1.239  0.111E+12  0.139E+12
   1820000   1.240  0.108E+12  0.132E+12
   1821000   1.241  0.101E+12  0.128E+12
   1822000   1.241  0.102E+12  0.126E+12
   1823000   1.242  0.103E+12  0.115E+12
   1824000   1.243  0.102E+12  0.109E+12
   1825000   1.243  0.793E+11  0.900E+11
   1826000   1.244 -0.509E+12 -0.513E+12
   1827000   1.245 -0.586E+12 -0.588E+12
   1828000   1.245 -0.532E+12 -0.562E+12
   1829000   1.246 -0.373E+12 -0.352E+12
   1830000   1.247 -0.162E+12 -0.158E+12
   1831000   1.247 -0.114E+11 -0.287E+11
   1832000   1.248  0.260E+11 -0.136E+11
   1833000   1.249 -0.141E+11 -0.718E+11
   1834000   1.249 -0.394E+11 -0.105E+12
   1835000   1.250 -0.329E+11 -0.130E+12
   1836000   1.251 -0.564E+11 -0.129E+12
   1837000   1.252 -0.552E+11 -0.867E+11
   1838000   1.252 -0.433E+11 -0.532E+11
   1839000   1.253 -0.710E+11 -0.471E+11
   1840000   1.254 -0.832E+11 -0.444E+11
   1841000   1.254 -0.891E+11 -0.839E+11
   1842000   1.255 -0.849E+11 -0.102E+12
   1843000   1.256 -0.767E+11 -0.112E+12
   1844000   1.256 -0.659E+11 -0.116E+12
   1845000   1.257 -0.678E+11 -0.112E+12
   1846000   1.258 -0.729E+11 -0.993E+11
   1847000   1.258 -0.841E+11 -0.927E+11
   1848000   1.259 -0.102E+12 -0.881E+11
   1849000   1.260 -0.107E+12 -0.814E+11
   1850000   1.260 -0.109E+12 -0.846E+11
   1851000   1.261 -0.110E+12 -0.903E+11
   1852000   1.262 -0.106E+12 -0.959E+11
   1853000   1.262 -0.107E+12 -0.107E+12
   1854000   1.263 -0.108E+12 -0.121E+12
   1855000   1.264 -0.113E+12 -0.127E+12
   1856000   1.264 -0.113E+12 -0.124E+12
   1857000   1.265 -0.117E+12 -0.123E+12
   1858000   1.266 -0.126E+12 -0.124E+12
   1859000   1.267 -0.132E+12 -0.120E+12
   1860000   1.267 -0.131E+12 -0.118E+12
   1861000   1.268 -0.140E+12 -0.123E+12
   1862000   1.269 -0.161E+12 -0.139E+12
   1863000   1.269 -0.511E+12 -0.519E+12
   1864000   1.270 -0.507E+12 -0.522E+12
   1865000   1.271 -0.589E+12 -0.583E+12
   1866000   1.271 -0.461E+12 -0.480E+12
   1867000   1.272 -0.392E+12 -0.401E+12
   1868000   1.273 -0.249E+12 -0.283E+12
   1869000   1.273 -0.115E+12 -0.138E+12
   1870000   1.274 -0.405E+11 -0.724E+11
   1871000   1.275 -0.218E+09 -0.375E+11
   1872000   1.275 -0.442E+11 -0.692E+11
   1873000   1.276 -0.715E+11 -0.878E+11
   1874000   1.277 -0.870E+11 -0.106E+12
   1875000   1.277 -0.103E+12 -0.119E+12
   1876000   1.278 -0.177E+12 -0.201E+12
   1877000   1.279 -0.510E+12 -0.515E+12
   1878000   1.279 -0.577E+12 -0.623E+12
   1879000   1.280 -0.506E+12 -0.674E+12
   1880000   1.281 -0.296E+12 -0.678E+12
   1881000   1.281 -0.313E+11 -0.425E+12
   1882000   1.282 -0.723E+10 -0.370E+12
   1883000   1.283  0.214E+11 -0.304E+12
   1884000   1.284 -0.619E+11 -0.255E+12
   1885000   1.284 -0.111E+12 -0.157E+12
   1886000   1.285 -0.960E+11 -0.100E+12
   1887000   1.286 -0.941E+11 -0.696E+11
   1888000   1.286 -0.721E+11 -0.860E+11
   1889000   1.287 -0.411E+11 -0.118E+12
   1890000   1.288  0.158E+11 -0.155E+12
   1891000   1.288  0.478E+11 -0.175E+12
   1892000   1.289  0.559E+11 -0.183E+12
   1893000   1.290  0.270E+11 -0.199E+12
   1894000   1.290 -0.531E+12 -0.539E+12
   1895000   1.291 -0.574E+12 -0.585E+12
   1896000   1.292 -0.454E+12 -0.334E+12
   1897000   1.292 -0.225E+12 -0.681E+11
   1898000   1.293  0.107E+11  0.159E+12
   1899000   1.294  0.228E+11  0.125E+12
   1900000   1.294  0.258E+11  0.632E+11
   1901000   1.295  0.482E+11 -0.956E+10
   1902000   1.296  0.921E+11  0.148E+10
   1903000   1.296  0.913E+11  0.387E+10
   1904000   1.297  0.955E+11  0.196E+11
   1905000   1.298  0.703E+11  0.600E+11
   1906000   1.299  0.439E+11  0.848E+11
   1907000   1.299  0.296E+11  0.112E+12
   1908000   1.300  0.241E+11  0.117E+12
   1909000   1.301  0.243E+11  0.858E+11
   1910000   1.301  0.374E+11  0.702E+11
   1911000   1.302  0.560E+11  0.556E+11
   1912000   1.303  0.559E+11  0.330E+11
   1913000   1.303 -0.481E+12 -0.508E+12
   1914000   1.304 -0.579E+12 -0.588E+12
   1915000   1.305 -0.492E+12 -0.533E+12
   1916000   1.305 -0.360E+12 -0.342E+12
   1917000   1.306 -0.120E+12 -0.108E+12
   1918000   1.307  0.232E+10  0.271E+11
   1919000   1.307  0.315E+11  0.414E+11
   1920000   1.308 -0.126E+10  0.472E+10
   1921000   1.309 -0.119E+11 -0.140E+11
   1922000   1.309  0.747E+09 -0.150E+11
   1923000   1.310 -0.112E+11 -0.285E+11
   1924000   1.311 -0.128E+11 -0.120E+11
   1925000   1.311 -0.359E+10  0.146E+11
   1926000   1.312 -0.189E+11  0.444E+10
   1927000   1.313 -0.159E+11  0.165E+11
   1928000   1.314 -0.233E+11  0.432E+10
   1929000   1.314 -0.243E+11 -0.815E+10
   1930000   1.315 -0.122E+11  0.239E+10
   1931000   1.316 -0.125E+11 -0.632E+10
   1932000   1.316 -0.123E+11 -0.648E+10
